0,0.000000e+00,0.000000
1,1.885603e+04,18856.025391
2,3.770535e+04,37705.347656
3,5.654126e+04,56541.257813
4,7.535707e+04,75357.070313
5,9.414608e+04,94146.078125
6,1.129016e+05,112901.617188
7,1.316170e+05,131617.000000
8,1.502856e+05,150285.593750
9,1.689007e+05,168900.750000
10,1.874558e+05,187455.843750
11,2.059443e+05,205944.281250
12,2.243595e+05,224359.484375
13,2.426949e+05,242694.906250
14,2.609440e+05,260944.046875
15,2.791004e+05,279100.375000
16,2.971575e+05,297157.500000
17,3.151089e+05,315108.937500
18,3.329483e+05,332948.312500
19,3.506693e+05,350669.312500
20,3.682656e+05,368265.625000
21,3.857310e+05,385731.000000
22,4.030592e+05,403059.187500
23,4.202441e+05,420244.062500
24,4.372795e+05,437279.531250
25,4.541595e+05,454159.500000
26,4.708780e+05,470877.968750
27,4.874290e+05,487429.000000
28,5.038067e+05,503806.718750
29,5.200053e+05,520005.281250
30,5.360190e+05,536018.937500
31,5.518420e+05,551842.000000
32,5.674689e+05,567468.875000
33,5.828939e+05,582893.937500
34,5.981117e+05,598111.750000
35,6.131169e+05,613116.875000
36,6.279040e+05,627903.937500
37,6.424678e+05,642467.812500
38,6.568032e+05,656803.187500
39,6.709050e+05,670905.000000
40,6.847683e+05,684768.312500
41,6.983881e+05,698388.062500
42,7.117595e+05,711759.562500
43,7.248779e+05,724877.937500
44,7.377385e+05,737738.500000
45,7.503368e+05,750336.812500
46,7.626683e+05,762668.312500
47,7.747286e+05,774728.562500
48,7.865134e+05,786513.375000
49,7.980185e+05,798018.500000
50,8.092399e+05,809239.937500
51,8.201735e+05,820173.562500
52,8.308155e+05,830815.562500
53,8.411621e+05,841162.125000
54,8.512096e+05,851209.562500
55,8.609544e+05,860954.375000
56,8.703930e+05,870393.000000
57,8.795222e+05,879522.187500
58,8.883386e+05,888338.625000
59,8.968391e+05,896839.125000
60,9.050208e+05,905020.750000
61,9.128806e+05,912880.625000
62,9.204158e+05,920415.875000
63,9.276238e+05,927623.812500
64,9.345019e+05,934501.875000
65,9.410477e+05,941047.687500
66,9.472589e+05,947258.875000
67,9.531333e+05,953133.250000
68,9.586687e+05,958668.687500
69,9.638633e+05,963863.250000
70,9.687151e+05,968715.125000
71,9.732225e+05,973222.500000
72,9.773838e+05,977383.812500
73,9.811976e+05,981197.562500
74,9.846624e+05,984662.437500
75,9.877772e+05,987777.187500
76,9.905407e+05,990540.687500
77,9.929520e+05,992952.000000
78,9.950102e+05,995010.250000
79,9.967147e+05,996714.625000
80,9.980647e+05,998064.625000
81,9.990598e+05,999059.750000
82,9.996996e+05,999699.625000
83,9.999840e+05,999984.000000
84,9.999128e+05,999912.812500
85,9.994861e+05,999486.125000
86,9.987040e+05,998703.937500
87,9.975667e+05,997566.687500
88,9.960747e+05,996074.750000
89,9.942286e+05,994228.562500
90,9.920289e+05,992028.875000
91,9.894765e+05,989476.437500
92,9.865722e+05,986572.187500
93,9.833171e+05,983317.125000
94,9.797124e+05,979712.375000
95,9.757593e+05,975759.250000
96,9.714592e+05,971459.250000
97,9.668137e+05,966813.750000
98,9.618245e+05,961824.437500
99,9.564932e+05,956493.187500
100,9.508218e+05,950821.812500
101,9.448123e+05,944812.312500
102,9.384669e+05,938466.875000
103,9.317877e+05,931787.750000
104,9.247773e+05,924777.250000
105,9.174380e+05,917437.937500
106,9.097724e+05,909772.437500
107,9.017834e+05,901783.375000
108,8.934737e+05,893473.750000
109,8.848463e+05,884846.312500
110,8.759043e+05,875904.312500
111,8.666508e+05,866650.875000
112,8.570892e+05,857089.187500
113,8.472228e+05,847222.812500
114,8.370551e+05,837055.125000
115,8.265898e+05,826589.812500
116,8.158306e+05,815830.625000
117,8.047813e+05,804781.312500
118,7.934458e+05,793445.812500
119,7.818282e+05,781828.187500
120,7.699326e+05,769932.562500
121,7.577632e+05,757763.187500
122,7.453244e+05,745324.375000
123,7.326205e+05,732620.500000
124,7.196561e+05,719656.125000
125,7.064359e+05,706435.875000
126,6.929644e+05,692964.437500
127,6.792465e+05,679246.562500
128,6.652871e+05,665287.125000
129,6.510912e+05,651091.187500
130,6.366637e+05,636663.750000
131,6.220099e+05,622009.875000
132,6.071348e+05,607134.812500
133,5.920439e+05,592043.937500
134,5.767425e+05,576742.500000
135,5.612360e+05,561235.937500
136,5.455299e+05,545529.875000
137,5.296298e+05,529629.812500
138,5.135414e+05,513541.437500
139,4.972704e+05,497270.437500
140,4.808226e+05,480822.625000
141,4.642038e+05,464203.843750
142,4.474200e+05,447419.968750
143,4.304770e+05,430477.031250
144,4.133810e+05,413381.031250
145,3.961380e+05,396138.031250
146,3.787542e+05,378754.156250
147,3.612356e+05,361235.625000
148,3.435886e+05,343588.625000
149,3.258195e+05,325819.468750
150,3.079345e+05,307934.468750
151,2.899399e+05,289939.937500
152,2.718423e+05,271842.343750
153,2.536481e+05,253648.062500
154,2.353636e+05,235363.593750
155,2.169954e+05,216995.437500
156,1.985501e+05,198550.125000
157,1.800342e+05,180034.203125
158,1.614543e+05,161454.265625
159,1.428169e+05,142816.937500
160,1.241288e+05,124128.804688
161,1.053965e+05,105396.539063
162,8.662680e+04,86626.796875
163,6.782626e+04,67826.257813
164,4.900159e+04,49001.593750
165,3.015951e+04,30159.507813
166,1.130670e+04,11306.698242
167,-7.550132e+03,-7550.131836
168,-2.640428e+04,-26404.277344
169,-4.524903e+04,-45249.035156
170,-6.407770e+04,-64077.699219
171,-8.288358e+04,-82883.585938
172,-1.016600e+05,-101659.992188
173,-1.204003e+05,-120400.257813
174,-1.390977e+05,-139097.703125
175,-1.577457e+05,-157745.687500
176,-1.763376e+05,-176337.593750
177,-1.948668e+05,-194866.781250
178,-2.133267e+05,-213326.687500
179,-2.317107e+05,-231710.734375
180,-2.500124e+05,-250012.406250
181,-2.682252e+05,-268225.156250
182,-2.863425e+05,-286342.531250
183,-3.043581e+05,-304358.093750
184,-3.222654e+05,-322265.437500
185,-3.400582e+05,-340058.187500
186,-3.577300e+05,-357730.031250
187,-3.752746e+05,-375274.656250
188,-3.926858e+05,-392685.843750
189,-4.099574e+05,-409957.406250
190,-4.270832e+05,-427083.187500
191,-4.440571e+05,-444057.093750
192,-4.608731e+05,-460873.125000
193,-4.775253e+05,-477525.250000
194,-4.940076e+05,-494007.593750
195,-5.103143e+05,-510314.281250
196,-5.264395e+05,-526439.500000
197,-5.423775e+05,-542377.562500
198,-5.581227e+05,-558122.750000
199,-5.736694e+05,-573669.437500
200,-5.890122e+05,-589012.187500
201,-6.041455e+05,-604145.437500
202,-6.190639e+05,-619063.937500
203,-6.337623e+05,-633762.250000
204,-6.482352e+05,-648235.250000
205,-6.624777e+05,-662477.750000
206,-6.764846e+05,-676484.625000
207,-6.902510e+05,-690251.000000
208,-7.037720e+05,-703771.937500
209,-7.170426e+05,-717042.625000
210,-7.300584e+05,-730058.375000
211,-7.428145e+05,-742814.500000
212,-7.553065e+05,-755306.500000
213,-7.675299e+05,-767529.875000
214,-7.794804e+05,-779480.375000
215,-7.911537e+05,-791153.750000
216,-8.025457e+05,-802545.750000
217,-8.136524e+05,-813652.375000
218,-8.244697e+05,-824469.687500
219,-8.349939e+05,-834993.875000
220,-8.452211e+05,-845221.125000
221,-8.551478e+05,-855147.812500
222,-8.647704e+05,-864770.437500
223,-8.740856e+05,-874085.562500
224,-8.830899e+05,-883089.875000
225,-8.917802e+05,-891780.187500
226,-9.001534e+05,-900153.437500
227,-9.082066e+05,-908206.562500
228,-9.159368e+05,-915936.750000
229,-9.233413e+05,-923341.250000
230,-9.304174e+05,-930417.437500
231,-9.371628e+05,-937162.812500
232,-9.435749e+05,-943574.875000
233,-9.496515e+05,-949651.500000
234,-9.553904e+05,-955390.375000
235,-9.607896e+05,-960789.562500
236,-9.658471e+05,-965847.125000
237,-9.705612e+05,-970561.250000
238,-9.749302e+05,-974930.250000
239,-9.789526e+05,-978952.562500
240,-9.826268e+05,-982626.812500
241,-9.859517e+05,-985951.625000
242,-9.889259e+05,-988925.875000
243,-9.915485e+05,-991548.500000
244,-9.938185e+05,-993818.500000
245,-9.957352e+05,-995735.187500
246,-9.972978e+05,-997297.750000
247,-9.985057e+05,-998505.687500
248,-9.993586e+05,-999358.625000
249,-9.998562e+05,-999856.187500
250,-9.999982e+05,-999998.187500
251,-9.997846e+05,-999784.625000
252,-9.992156e+05,-999215.562500
253,-9.982912e+05,-998291.250000
254,-9.970119e+05,-997011.875000
255,-9.953780e+05,-995378.062500
256,-9.933902e+05,-993390.250000
257,-9.910492e+05,-991049.187500
258,-9.883558e+05,-988355.812500
259,-9.853109e+05,-985310.937500
260,-9.819157e+05,-981915.687500
261,-9.781713e+05,-978171.312500
262,-9.740791e+05,-974079.125000
263,-9.696406e+05,-969640.562500
264,-9.648572e+05,-964857.250000
265,-9.597308e+05,-959730.812500
266,-9.542631e+05,-954263.125000
267,-9.484561e+05,-948456.125000
268,-9.423119e+05,-942311.875000
269,-9.358325e+05,-935832.562500
270,-9.290204e+05,-929020.437500
271,-9.218780e+05,-921878.000000
272,-9.144078e+05,-914407.750000
273,-9.066124e+05,-906612.375000
274,-8.984946e+05,-898494.625000
275,-8.900574e+05,-890057.375000
276,-8.813036e+05,-881303.625000
277,-8.722365e+05,-872236.562500
278,-8.628593e+05,-862859.250000
279,-8.531752e+05,-853175.187500
280,-8.431877e+05,-843187.750000
281,-8.329005e+05,-832900.500000
282,-8.223170e+05,-822317.062500
283,-8.114412e+05,-811441.187500
284,-8.002768e+05,-800276.812500
285,-7.888279e+05,-788827.875000
286,-7.770985e+05,-777098.437500
287,-7.650927e+05,-765092.687500
288,-7.528149e+05,-752814.937500
289,-7.402694e+05,-740269.437500
290,-7.274607e+05,-727460.687500
291,-7.143933e+05,-714393.312500
292,-7.010719e+05,-701071.937500
293,-6.875012e+05,-687501.250000
294,-6.736861e+05,-673686.062500
295,-6.596314e+05,-659631.375000
296,-6.453421e+05,-645342.062500
297,-6.308234e+05,-630823.375000
298,-6.160803e+05,-616080.312500
299,-6.011182e+05,-601118.187500
300,-5.859423e+05,-585942.312500
301,-5.705581e+05,-570558.125000
302,-5.549710e+05,-554971.062500
303,-5.391866e+05,-539186.625000
304,-5.232105e+05,-523210.468750
305,-5.070483e+05,-507048.281250
306,-4.907058e+05,-490705.781250
307,-4.741888e+05,-474188.812500
308,-4.575032e+05,-457503.218750
309,-4.406550e+05,-440654.968750
310,-4.236500e+05,-423650.000000
311,-4.064944e+05,-406494.406250
312,-3.891943e+05,-389194.281250
313,-3.717557e+05,-371755.750000
314,-3.541850e+05,-354185.031250
315,-3.364884e+05,-336488.343750
316,-3.186720e+05,-318672.062500
317,-3.007424e+05,-300742.437500
318,-2.827059e+05,-282705.875000
319,-2.645688e+05,-264568.781250
320,-2.463376e+05,-246337.609375
321,-2.280189e+05,-228018.859375
322,-2.096190e+05,-209619.015625
323,-1.911446e+05,-191144.640625
324,-1.726023e+05,-172602.312500
325,-1.539986e+05,-153998.593750
326,-1.353401e+05,-135340.125000
327,-1.166335e+05,-116633.523438
328,-9.788546e+04,-97885.453125
329,-7.910258e+04,-79102.578125
330,-6.029158e+04,-60291.578125
331,-4.145914e+04,-41459.136719
332,-2.261195e+04,-22611.951172
333,-3.756727e+03,-3756.726807
334,1.509983e+04,15099.833008
335,3.395102e+04,33951.023438
336,5.279014e+04,52790.144531
337,7.161049e+04,71610.492188
338,9.040537e+04,90405.375000
339,1.091681e+05,109168.109375
340,1.278920e+05,127892.031250
341,1.465705e+05,146570.468750
342,1.651968e+05,165196.796875
343,1.837644e+05,183764.390625
344,2.022666e+05,202266.625000
345,2.206969e+05,220696.953125
346,2.390488e+05,239048.796875
347,2.573156e+05,257315.625000
348,2.754910e+05,275490.968750
349,2.935684e+05,293568.375000
350,3.115414e+05,311541.375000
351,3.294036e+05,329403.593750
352,3.471487e+05,347148.687500
353,3.647703e+05,364770.312500
354,3.822623e+05,382262.281250
355,3.996183e+05,399618.281250
356,4.168322e+05,416832.218750
357,4.338979e+05,433897.937500
358,4.508093e+05,450809.343750
359,4.675605e+05,467560.468750
360,4.841453e+05,484145.312500
361,5.005580e+05,500558.031250
362,5.167928e+05,516792.750000
363,5.328437e+05,532843.750000
364,5.487052e+05,548705.187500
365,5.643716e+05,564371.625000
366,5.798373e+05,579837.312500
367,5.950968e+05,595096.812500
368,6.101447e+05,610144.750000
369,6.249757e+05,624975.687500
370,6.395844e+05,639584.437500
371,6.539657e+05,653965.750000
372,6.681145e+05,668114.500000
373,6.820257e+05,682025.687500
374,6.956944e+05,695694.375000
375,7.091157e+05,709115.687500
376,7.222849e+05,722284.875000
377,7.351972e+05,735197.187500
378,7.478481e+05,747848.125000
379,7.602331e+05,760233.062500
380,7.723478e+05,772347.750000
381,7.841878e+05,784187.812500
382,7.957490e+05,795749.000000
383,8.070272e+05,807027.187500
384,8.180185e+05,818018.500000
385,8.287189e+05,828718.875000
386,8.391246e+05,839124.562500
387,8.492319e+05,849231.937500
388,8.590373e+05,859037.312500
389,8.685372e+05,868537.250000
390,8.777283e+05,877728.312500
391,8.866073e+05,886607.250000
392,8.951710e+05,895171.000000
393,9.034164e+05,903416.375000
394,9.113406e+05,911340.562500
395,9.189407e+05,918940.687500
396,9.262140e+05,926214.062500
397,9.331581e+05,933158.062500
398,9.397703e+05,939770.250000
399,9.460483e+05,946048.312500
400,9.519899e+05,951989.937500
401,9.575931e+05,957593.062500
402,9.628557e+05,962855.687500
403,9.677759e+05,967775.937500
404,9.723521e+05,972352.062500
405,9.765824e+05,976582.437500
406,9.804656e+05,980465.562500
407,9.840001e+05,984000.062500
408,9.871847e+05,987184.625000
409,9.900182e+05,990018.250000
410,9.924998e+05,992499.750000
411,9.946284e+05,994628.375000
412,9.964033e+05,996403.375000
413,9.978240e+05,997824.000000
414,9.988898e+05,998889.875000
415,9.996005e+05,999600.500000
416,9.999557e+05,999955.750000
417,9.999554e+05,999955.375000
418,9.995995e+05,999599.437500
419,9.988881e+05,998888.125000
420,9.978216e+05,997821.562500
421,9.964002e+05,996400.250000
422,9.946246e+05,994624.562500
423,9.924953e+05,992495.250000
424,9.900130e+05,990013.062500
425,9.871788e+05,987178.812500
426,9.839935e+05,983993.500000
427,9.804583e+05,980458.312500
428,9.765745e+05,976574.562500
429,9.723435e+05,972343.500000
430,9.677667e+05,967766.687500
431,9.628458e+05,962845.750000
432,9.575825e+05,957582.500000
433,9.519787e+05,951978.687500
434,9.460364e+05,946036.375000
435,9.397577e+05,939757.687500
436,9.331449e+05,933144.875000
437,9.262002e+05,926200.187500
438,9.189262e+05,918926.187500
439,9.113255e+05,911325.437500
440,9.034007e+05,903400.625000
441,8.951546e+05,895154.625000
442,8.865903e+05,886590.312500
443,8.777107e+05,877710.687500
444,8.685190e+05,868519.000000
445,8.590185e+05,859018.500000
446,8.492125e+05,849212.562500
447,8.391046e+05,839104.625000
448,8.286983e+05,828698.312500
449,8.179973e+05,817997.375000
450,8.070055e+05,807005.500000
451,7.957267e+05,795726.750000
452,7.841650e+05,784165.000000
453,7.723244e+05,772324.437500
454,7.602092e+05,760209.250000
455,7.478237e+05,747823.750000
456,7.351723e+05,735172.312500
457,7.222595e+05,722259.437500
458,7.090898e+05,709089.812500
459,6.956680e+05,695668.000000
460,6.819988e+05,681998.875000
461,6.680872e+05,668087.187500
462,6.539380e+05,653937.937500
463,6.395562e+05,639556.187500
464,6.249470e+05,624947.000000
465,6.101156e+05,610115.625000
466,5.950673e+05,595067.312500
467,5.798074e+05,579807.375000
468,5.643413e+05,564341.250000
469,5.486745e+05,548674.500000
470,5.328126e+05,532812.625000
471,5.167613e+05,516761.312500
472,5.005262e+05,500526.250000
473,4.841132e+05,484113.187500
474,4.675280e+05,467528.000000
475,4.507766e+05,450776.562500
476,4.338648e+05,433864.812500
477,4.167988e+05,416798.812500
478,3.995846e+05,399584.625000
479,3.822283e+05,382228.343750
480,3.647361e+05,364736.125000
481,3.471142e+05,347114.218750
482,3.293689e+05,329368.906250
483,3.115065e+05,311506.468750
484,2.935333e+05,293533.250000
485,2.754557e+05,275455.656250
486,2.572801e+05,257280.140625
487,2.390131e+05,239013.125000
488,2.206611e+05,220661.125000
489,2.022307e+05,202230.656250
490,1.837283e+05,183728.281250
491,1.651606e+05,165160.578125
492,1.465341e+05,146534.140625
493,1.278556e+05,127855.601563
494,1.091316e+05,109131.601563
495,9.036879e+04,90368.789063
496,7.157385e+04,71573.851563
497,5.275346e+04,52753.460938
498,3.391431e+04,33914.312500
499,1.506311e+04,15063.105469
500,-3.793459e+03,-3793.458740
501,-2.264867e+04,-22648.673828
502,-4.149584e+04,-41495.835938
503,-6.032824e+04,-60328.242188
504,-7.913920e+04,-79139.195313
505,-9.792201e+04,-97922.015625
506,-1.166700e+05,-116670.007813
507,-1.353765e+05,-135376.515625
508,-1.540349e+05,-154034.890625
509,-1.726385e+05,-172638.484375
510,-1.911807e+05,-191180.703125
511,-2.096549e+05,-209654.937500
512,-2.280546e+05,-228054.625000
513,-2.463732e+05,-246373.218750
514,-2.646042e+05,-264604.187500
515,-2.827411e+05,-282741.093750
516,-3.007775e+05,-300777.468750
517,-3.187069e+05,-318706.875000
518,-3.365229e+05,-336522.937500
519,-3.542194e+05,-354219.375000
520,-3.717898e+05,-371789.843750
521,-3.892281e+05,-389228.093750
522,-4.065280e+05,-406527.968750
523,-4.236833e+05,-423683.281250
524,-4.406879e+05,-440687.937500
525,-4.575359e+05,-457535.906250
526,-4.742212e+05,-474221.156250
527,-4.907378e+05,-490737.812500
528,-5.070799e+05,-507079.937500
529,-5.232418e+05,-523241.781250
530,-5.392176e+05,-539217.562500
531,-5.550016e+05,-555001.625000
532,-5.705883e+05,-570588.312500
533,-5.859721e+05,-585972.125000
534,-6.011476e+05,-601147.562500
535,-6.161092e+05,-616109.250000
536,-6.308519e+05,-630851.875000
537,-6.453701e+05,-645370.125000
538,-6.596590e+05,-659658.937500
539,-6.737132e+05,-673713.187500
540,-6.875279e+05,-687527.875000
541,-7.010981e+05,-701098.125000
542,-7.144190e+05,-714419.062500
543,-7.274859e+05,-727485.937500
544,-7.402941e+05,-740294.125000
545,-7.528391e+05,-752839.125000
546,-7.651164e+05,-765116.375000
547,-7.771216e+05,-777121.562500
548,-7.888505e+05,-788850.437500
549,-8.002989e+05,-800298.875000
550,-8.114627e+05,-811462.687500
551,-8.223379e+05,-822337.937500
552,-8.329208e+05,-832920.812500
553,-8.432075e+05,-843207.500000
554,-8.531944e+05,-853194.375000
555,-8.628778e+05,-862877.812500
556,-8.722545e+05,-872254.500000
557,-8.813210e+05,-881321.000000
558,-8.900741e+05,-890074.125000
559,-8.985107e+05,-898510.750000
560,-9.066279e+05,-906627.875000
561,-9.144226e+05,-914422.625000
562,-9.218922e+05,-921892.250000
563,-9.290340e+05,-929034.062500
564,-9.358455e+05,-935845.500000
565,-9.423242e+05,-942324.187500
566,-9.484678e+05,-948467.750000
567,-9.542741e+05,-954274.125000
568,-9.597411e+05,-959741.125000
569,-9.648669e+05,-964866.875000
570,-9.696496e+05,-969649.562500
571,-9.740875e+05,-974087.437500
572,-9.781790e+05,-978179.000000
573,-9.819227e+05,-981922.687500
574,-9.853172e+05,-985317.187500
575,-9.883614e+05,-988361.375000
576,-9.910541e+05,-991054.125000
577,-9.933945e+05,-993394.437500
578,-9.953816e+05,-995381.562500
579,-9.970147e+05,-997014.750000
580,-9.982934e+05,-998293.375000
581,-9.992170e+05,-999217.062500
582,-9.997854e+05,-999785.437500
583,-9.999983e+05,-999998.250000
584,-9.998556e+05,-999855.562500
585,-9.993573e+05,-999357.312500
586,-9.985037e+05,-998503.687500
587,-9.972951e+05,-997295.062500
588,-9.957318e+05,-995731.812500
589,-9.938145e+05,-993814.437500
590,-9.915437e+05,-991543.750000
591,-9.889204e+05,-988920.437500
592,-9.859455e+05,-985945.500000
593,-9.826200e+05,-982620.000000
594,-9.789451e+05,-978945.062500
595,-9.749221e+05,-974922.062500
596,-9.705524e+05,-970552.375000
597,-9.658376e+05,-965837.625000
598,-9.607794e+05,-960779.375000
599,-9.553795e+05,-955379.562500
600,-9.496400e+05,-949640.000000
601,-9.435627e+05,-943562.750000
602,-9.371500e+05,-937150.000000
603,-9.304040e+05,-930404.000000
604,-9.233272e+05,-923327.187500
605,-9.159220e+05,-915922.000000
606,-9.081912e+05,-908191.187500
607,-9.001374e+05,-900137.437500
608,-8.917636e+05,-891763.625000
609,-8.830727e+05,-883072.687500
610,-8.740677e+05,-874067.750000
611,-8.647520e+05,-864752.000000
612,-8.551288e+05,-855128.750000
613,-8.452015e+05,-845201.500000
614,-8.349737e+05,-834973.625000
615,-8.244489e+05,-824448.937500
616,-8.136310e+05,-813631.000000
617,-8.025238e+05,-802523.812500
618,-7.911313e+05,-791131.250000
619,-7.794574e+05,-779457.375000
620,-7.675064e+05,-767506.375000
621,-7.552824e+05,-755282.375000
622,-7.427899e+05,-742789.875000
623,-7.300333e+05,-730033.250000
624,-7.170170e+05,-717017.062500
625,-7.037459e+05,-703745.875000
626,-6.902244e+05,-690224.437500
627,-6.764576e+05,-676457.625000
628,-6.624502e+05,-662450.187500
629,-6.482073e+05,-648207.250000
630,-6.337338e+05,-633733.875000
631,-6.190351e+05,-619035.062500
632,-6.041162e+05,-604116.187500
633,-5.889825e+05,-588982.500000
634,-5.736393e+05,-573639.375000
635,-5.580922e+05,-558092.250000
636,-5.423467e+05,-542346.687500
637,-5.264083e+05,-526408.250000
638,-5.102827e+05,-510282.687500
639,-4.939757e+05,-493975.656250
640,-4.774930e+05,-477492.968750
641,-4.608405e+05,-460840.500000
642,-4.440242e+05,-444024.187500
643,-4.270500e+05,-427049.968750
644,-4.099239e+05,-409923.875000
645,-3.926521e+05,-392652.062500
646,-3.752406e+05,-375240.593750
647,-3.576957e+05,-357695.718750
648,-3.400236e+05,-340023.656250
649,-3.222307e+05,-322230.656250
650,-3.043231e+05,-304323.125000
651,-2.863073e+05,-286307.343750
652,-2.681898e+05,-268189.781250
653,-2.499768e+05,-249976.828125
654,-2.316750e+05,-231675.015625
655,-2.132908e+05,-213290.812500
656,-1.948308e+05,-194830.765625
657,-1.763014e+05,-176301.437500
658,-1.577094e+05,-157709.421875
659,-1.390613e+05,-139061.328125
660,-1.203638e+05,-120363.789063
661,-1.016235e+05,-101623.453125
662,-8.284698e+04,-82846.976563
663,-6.404104e+04,-64041.042969
664,-4.521234e+04,-45212.339844
665,-2.636756e+04,-26367.558594
666,-7.513401e+03,-7513.400879
667,1.134343e+04,11343.427734
668,3.019622e+04,30196.222656
669,4.903828e+04,49038.281250
670,6.786290e+04,67862.906250
671,8.666339e+04,86663.390625
672,1.054331e+05,105433.070313
673,1.241653e+05,124165.250000
674,1.428533e+05,142853.281250
675,1.614905e+05,161490.515625
676,1.800703e+05,180070.343750
677,1.985861e+05,198586.125000
678,2.170313e+05,217031.296875
679,2.353993e+05,235399.296875
680,2.536836e+05,253683.593750
681,2.718777e+05,271877.687500
682,2.899751e+05,289975.093750
683,3.079694e+05,307969.406250
684,3.258542e+05,325854.187500
685,3.436231e+05,343623.125000
686,3.612699e+05,361269.875000
687,3.787882e+05,378788.156250
688,3.961718e+05,396171.750000
689,4.134145e+05,413414.468750
690,4.305102e+05,430510.187500
691,4.474528e+05,447452.843750
692,4.642364e+05,464236.375000
693,4.808548e+05,480854.812500
694,4.973023e+05,497302.312500
695,5.135729e+05,513572.937500
696,5.296610e+05,529661.000000
697,5.455607e+05,545560.687500
698,5.612664e+05,561266.375000
699,5.767725e+05,576772.500000
700,5.920735e+05,592073.500000
701,6.071640e+05,607164.000000
702,6.220386e+05,622038.625000
703,6.366920e+05,636692.062500
704,6.511191e+05,651119.062500
705,6.653146e+05,665314.562500
706,6.792735e+05,679273.500000
707,6.929909e+05,692990.875000
708,7.064619e+05,706461.875000
709,7.196816e+05,719681.625000
710,7.326455e+05,732645.500000
711,7.453489e+05,745348.875000
712,7.577872e+05,757787.187500
713,7.699560e+05,769956.062500
714,7.818511e+05,781851.125000
715,7.934682e+05,793468.187500
716,8.048031e+05,804803.125000
717,8.158519e+05,815851.875000
718,8.266105e+05,826610.500000
719,8.370752e+05,837075.250000
720,8.472423e+05,847242.312500
721,8.571081e+05,857108.125000
722,8.666692e+05,866669.187500
723,8.759220e+05,875922.062500
724,8.848635e+05,884863.437500
725,8.934902e+05,893490.250000
726,9.017993e+05,901799.250000
727,9.097877e+05,909787.687500
728,9.174526e+05,917452.562500
729,9.247912e+05,924791.250000
730,9.318011e+05,931801.062500
731,9.384796e+05,938479.562500
732,9.448243e+05,944824.312500
733,9.508332e+05,950833.187500
734,9.565039e+05,956503.875000
735,9.618345e+05,961834.500000
736,9.668231e+05,966823.125000
737,9.714679e+05,971467.937500
738,9.757673e+05,975767.312500
739,9.797197e+05,979719.750000
740,9.833238e+05,983323.812500
741,9.865782e+05,986578.187500
742,9.894818e+05,989481.750000
743,9.920335e+05,992033.500000
744,9.942325e+05,994232.500000
745,9.960780e+05,996078.000000
746,9.975693e+05,997569.250000
747,9.987058e+05,998705.812500
748,9.994873e+05,999487.250000
749,9.999133e+05,999913.312500
750,9.999838e+05,999983.812500
751,9.996987e+05,999698.750000
752,9.990582e+05,999058.187500
753,9.980624e+05,998062.375000
754,9.967117e+05,996711.687500
755,9.950066e+05,995006.562500
756,9.929477e+05,992947.687500
757,9.905357e+05,990535.687500
758,9.877715e+05,987771.500000
759,9.846560e+05,984656.062500
760,9.811905e+05,981190.500000
761,9.773760e+05,977376.000000
762,9.732140e+05,973214.000000
763,9.687060e+05,968706.000000
764,9.638535e+05,963853.500000
765,9.586583e+05,958658.250000
766,9.531221e+05,953122.125000
767,9.472471e+05,947247.125000
768,9.410353e+05,941035.250000
769,9.344888e+05,934488.812500
770,9.276101e+05,927610.062500
771,9.204015e+05,920401.500000
772,9.128656e+05,912865.625000
773,9.050052e+05,905005.125000
774,8.968229e+05,896822.875000
775,8.883217e+05,888321.750000
776,8.795047e+05,879504.687500
777,8.703749e+05,870374.937500
778,8.609357e+05,860935.687500
779,8.511903e+05,851190.312500
780,8.411422e+05,841142.250000
781,8.307951e+05,830795.062500
782,8.201525e+05,820152.500000
783,8.092183e+05,809218.312500
784,7.979964e+05,797996.375000
785,7.864907e+05,786490.687500
786,7.747054e+05,774705.375000
787,7.626445e+05,762644.500000
788,7.503125e+05,750312.500000
789,7.377137e+05,737713.750000
790,7.248526e+05,724852.625000
791,7.117337e+05,711733.750000
792,6.983618e+05,698361.812500
793,6.847415e+05,684741.500000
794,6.708778e+05,670877.812500
795,6.567755e+05,656775.500000
796,6.424396e+05,642439.625000
797,6.278754e+05,627875.375000
798,6.130878e+05,613087.812500
799,5.980823e+05,598082.312500
800,5.828641e+05,582864.062500
801,5.674386e+05,567438.625000
802,5.518114e+05,551811.375000
803,5.359879e+05,535987.937500
804,5.199739e+05,519973.906250
805,5.037750e+05,503775.000000
806,4.873969e+05,487396.937500
807,4.708456e+05,470845.562500
808,4.541268e+05,454126.781250
809,4.372465e+05,437246.500000
810,4.202107e+05,420210.750000
811,4.030256e+05,403025.593750
812,3.856971e+05,385697.093750
813,3.682315e+05,368231.468750
814,3.506349e+05,350634.937500
815,3.329137e+05,332913.687500
816,3.150741e+05,315074.062500
817,2.971224e+05,297122.406250
818,2.790651e+05,279065.125000
819,2.609086e+05,260908.578125
820,2.426593e+05,242659.281250
821,2.243237e+05,224323.687500
822,2.059083e+05,205908.328125
823,1.874198e+05,187419.765625
824,1.688645e+05,168864.546875
825,1.502493e+05,150249.281250
826,1.315806e+05,131580.593750
827,1.128651e+05,112865.117188
828,9.410951e+04,94109.507813
829,7.532044e+04,75320.437500
830,5.650459e+04,56504.585938
831,3.766864e+04,37668.640625
832,1.881930e+04,18819.298828
833,-3.673205e+01,-36.732052
834,-1.889275e+04,-18892.750000
835,-3.774205e+04,-37742.050781
836,-5.657793e+04,-56577.933594
837,-7.539369e+04,-75393.695313
838,-9.418265e+04,-94182.648438
839,-1.129381e+05,-112938.109375
840,-1.316534e+05,-131653.421875
841,-1.503219e+05,-150321.906250
842,-1.689370e+05,-168936.953125
843,-1.874919e+05,-187491.921875
844,-2.059802e+05,-205980.218750
845,-2.243953e+05,-224395.281250
846,-2.427305e+05,-242730.546875
847,-2.609795e+05,-260979.500000
848,-2.791357e+05,-279135.656250
849,-2.971926e+05,-297192.562500
850,-3.151438e+05,-315143.781250
851,-3.329830e+05,-332982.968750
852,-3.507037e+05,-350703.718750
853,-3.682998e+05,-368299.781250
854,-3.857649e+05,-385764.875000
855,-4.030928e+05,-403092.812500
856,-4.202774e+05,-420277.406250
857,-4.373126e+05,-437312.562500
858,-4.541922e+05,-454192.218750
859,-4.709104e+05,-470910.375000
860,-4.874611e+05,-487461.062500
861,-5.038384e+05,-503838.437500
862,-5.200367e+05,-520036.656250
863,-5.360500e+05,-536049.937500
864,-5.518727e+05,-551872.687500
865,-5.674991e+05,-567499.125000
866,-5.829238e+05,-582923.750000
867,-5.981412e+05,-598141.187500
868,-6.131459e+05,-613145.875000
869,-6.279325e+05,-627932.562500
870,-6.424959e+05,-642495.937500
871,-6.568309e+05,-656830.875000
872,-6.709323e+05,-670932.250000
873,-6.847951e+05,-684795.062500
874,-6.984144e+05,-698414.375000
875,-7.117853e+05,-711785.312500
876,-7.249032e+05,-724903.187500
877,-7.377633e+05,-737763.312500
878,-7.503611e+05,-750361.062500
879,-7.626920e+05,-762692.062500
880,-7.747518e+05,-774751.812500
881,-7.865361e+05,-786536.062500
882,-7.980407e+05,-798040.687500
883,-8.092615e+05,-809261.500000
884,-8.201946e+05,-820194.562500
885,-8.308360e+05,-830836.000000
886,-8.411820e+05,-841181.937500
887,-8.512288e+05,-851228.875000
888,-8.609730e+05,-860973.062500
889,-8.704111e+05,-870411.125000
890,-8.795397e+05,-879539.687500
891,-8.883555e+05,-888355.437500
892,-8.968554e+05,-896855.375000
893,-9.050364e+05,-905036.375000
894,-9.128956e+05,-912895.625000
895,-9.204302e+05,-920430.187500
896,-9.276375e+05,-927637.500000
897,-9.345150e+05,-934514.937500
898,-9.410601e+05,-941060.125000
899,-9.472707e+05,-947270.687500
900,-9.531444e+05,-953144.375000
901,-9.586792e+05,-958679.187500
902,-9.638731e+05,-963873.062500
903,-9.687242e+05,-968724.187500
904,-9.732309e+05,-973230.937500
905,-9.773916e+05,-977391.562500
906,-9.812047e+05,-981204.625000
907,-9.846689e+05,-984668.875000
908,-9.877829e+05,-987782.937500
909,-9.905458e+05,-990545.750000
910,-9.929564e+05,-992956.375000
911,-9.950139e+05,-995013.875000
912,-9.967176e+05,-996717.625000
913,-9.980669e+05,-998066.937500
914,-9.990614e+05,-999061.375000
915,-9.997005e+05,-999700.500000
916,-9.999842e+05,-999984.250000
917,-9.999123e+05,-999912.375000
918,-9.994849e+05,-999484.937500
919,-9.987021e+05,-998702.062500
920,-9.975641e+05,-997564.125000
921,-9.960715e+05,-996071.500000
922,-9.942246e+05,-994224.625000
923,-9.920243e+05,-992024.250000
924,-9.894711e+05,-989471.125000
925,-9.865662e+05,-986566.187500
926,-9.833104e+05,-983310.437500
927,-9.797050e+05,-979705.000000
928,-9.757512e+05,-975751.250000
929,-9.714505e+05,-971450.500000
930,-9.668043e+05,-966804.375000
931,-9.618144e+05,-961814.437500
932,-9.564825e+05,-956482.437500
933,-9.508104e+05,-950810.437500
934,-9.448003e+05,-944800.250000
935,-9.384542e+05,-938454.187500
936,-9.317744e+05,-931774.375000
937,-9.247633e+05,-924763.250000
938,-9.174233e+05,-917423.312500
939,-9.097572e+05,-909757.187500
940,-9.017675e+05,-901767.500000
941,-8.934572e+05,-893457.250000
942,-8.848292e+05,-884829.250000
943,-8.758866e+05,-875886.625000
944,-8.666325e+05,-866632.500000
945,-8.570703e+05,-857070.312500
946,-8.472033e+05,-847203.312500
947,-8.370350e+05,-837035.062500
948,-8.265692e+05,-826569.187500
949,-8.158094e+05,-815809.375000
950,-8.047595e+05,-804759.500000
951,-7.934235e+05,-793423.437500
952,-7.818053e+05,-781805.312500
953,-7.699092e+05,-769909.125000
954,-7.577392e+05,-757739.250000
955,-7.452999e+05,-745299.875000
956,-7.325955e+05,-732595.500000
957,-7.196306e+05,-719630.625000
958,-7.064099e+05,-706409.875000
959,-6.929379e+05,-692937.937500
960,-6.792196e+05,-679219.562500
961,-6.652597e+05,-665259.750000
962,-6.510633e+05,-651063.312500
963,-6.366354e+05,-636635.375000
964,-6.219811e+05,-621981.125000
965,-6.071056e+05,-607105.625000
966,-5.920143e+05,-592014.312500
967,-5.767125e+05,-576712.437500
968,-5.612056e+05,-561205.562500
969,-5.454991e+05,-545499.062500
970,-5.295987e+05,-529598.625000
971,-5.135099e+05,-513509.906250
972,-4.972386e+05,-497238.562500
973,-4.807904e+05,-480790.406250
974,-4.641713e+05,-464171.281250
975,-4.473871e+05,-447387.125000
976,-4.304439e+05,-430443.875000
977,-4.133476e+05,-413347.593750
978,-3.961043e+05,-396104.281250
979,-3.787202e+05,-378720.156250
980,-3.612014e+05,-361201.375000
981,-3.435541e+05,-343554.125000
982,-3.257847e+05,-325784.750000
983,-3.078995e+05,-307899.500000
984,-2.899048e+05,-289904.781250
985,-2.718070e+05,-271806.968750
986,-2.536125e+05,-253612.531250
987,-2.353279e+05,-235327.890625
988,-2.169596e+05,-216959.578125
989,-1.985141e+05,-198514.125000
990,-1.799981e+05,-179998.078125
991,-1.614180e+05,-161418.015625
992,-1.427806e+05,-142780.578125
993,-1.240924e+05,-124092.359375
994,-1.053600e+05,-105360.015625
995,-8.659021e+04,-86590.203125
996,-6.778961e+04,-67789.609375
997,-4.896491e+04,-48964.906250
998,-3.012279e+04,-30122.792969
999,-1.126997e+04,-11269.968750
0,0.000000e+00,0.000000e+00
1,1.885603e+04,1.885603e+04
2,3.770535e+04,3.770535e+04
3,5.654126e+04,5.654126e+04
4,7.535707e+04,7.535707e+04
5,9.414608e+04,9.414608e+04
6,1.129016e+05,1.129016e+05
7,1.316170e+05,1.316170e+05
8,1.502856e+05,1.502856e+05
9,1.689007e+05,1.689008e+05
10,1.874558e+05,1.874558e+05
11,2.059443e+05,2.059443e+05
12,2.243595e+05,2.243595e+05
13,2.426949e+05,2.426949e+05
14,2.609440e+05,2.609440e+05
15,2.791004e+05,2.791004e+05
16,2.971575e+05,2.971575e+05
17,3.151089e+05,3.151089e+05
18,3.329483e+05,3.329483e+05
19,3.506693e+05,3.506693e+05
20,3.682656e+05,3.682656e+05
21,3.857310e+05,3.857310e+05
22,4.030592e+05,4.030592e+05
23,4.202441e+05,4.202441e+05
24,4.372795e+05,4.372795e+05
25,4.541595e+05,4.541595e+05
26,4.708780e+05,4.708780e+05
27,4.874290e+05,4.874290e+05
28,5.038067e+05,5.038067e+05
29,5.200053e+05,5.200053e+05
30,5.360190e+05,5.360189e+05
31,5.518420e+05,5.518420e+05
32,5.674689e+05,5.674689e+05
33,5.828939e+05,5.828939e+05
34,5.981117e+05,5.981118e+05
35,6.131169e+05,6.131169e+05
36,6.279040e+05,6.279039e+05
37,6.424678e+05,6.424678e+05
38,6.568032e+05,6.568032e+05
39,6.709050e+05,6.709050e+05
40,6.847683e+05,6.847683e+05
41,6.983881e+05,6.983881e+05
42,7.117595e+05,7.117596e+05
43,7.248779e+05,7.248779e+05
44,7.377385e+05,7.377385e+05
45,7.503368e+05,7.503368e+05
46,7.626683e+05,7.626683e+05
47,7.747286e+05,7.747286e+05
48,7.865134e+05,7.865134e+05
49,7.980185e+05,7.980185e+05
50,8.092399e+05,8.092399e+05
51,8.201735e+05,8.201736e+05
52,8.308155e+05,8.308156e+05
53,8.411621e+05,8.411621e+05
54,8.512096e+05,8.512096e+05
55,8.609544e+05,8.609544e+05
56,8.703930e+05,8.703930e+05
57,8.795222e+05,8.795222e+05
58,8.883386e+05,8.883386e+05
59,8.968391e+05,8.968391e+05
60,9.050208e+05,9.050208e+05
61,9.128806e+05,9.128806e+05
62,9.204158e+05,9.204159e+05
63,9.276238e+05,9.276238e+05
64,9.345019e+05,9.345019e+05
65,9.410477e+05,9.410477e+05
66,9.472589e+05,9.472589e+05
67,9.531333e+05,9.531333e+05
68,9.586687e+05,9.586687e+05
69,9.638633e+05,9.638633e+05
70,9.687151e+05,9.687151e+05
71,9.732225e+05,9.732225e+05
72,9.773838e+05,9.773838e+05
73,9.811976e+05,9.811976e+05
74,9.846624e+05,9.846624e+05
75,9.877772e+05,9.877772e+05
76,9.905407e+05,9.905407e+05
77,9.929520e+05,9.929520e+05
78,9.950102e+05,9.950103e+05
79,9.967147e+05,9.967146e+05
80,9.980647e+05,9.980646e+05
81,9.990598e+05,9.990598e+05
82,9.996996e+05,9.996996e+05
83,9.999840e+05,9.999840e+05
84,9.999128e+05,9.999128e+05
85,9.994861e+05,9.994861e+05
86,9.987040e+05,9.987039e+05
87,9.975667e+05,9.975667e+05
88,9.960747e+05,9.960748e+05
89,9.942286e+05,9.942286e+05
90,9.920289e+05,9.920289e+05
91,9.894765e+05,9.894764e+05
92,9.865722e+05,9.865722e+05
93,9.833171e+05,9.833171e+05
94,9.797124e+05,9.797124e+05
95,9.757593e+05,9.757593e+05
96,9.714592e+05,9.714593e+05
97,9.668137e+05,9.668138e+05
98,9.618245e+05,9.618244e+05
99,9.564932e+05,9.564932e+05
100,9.508218e+05,9.508218e+05
101,9.448123e+05,9.448123e+05
102,9.384669e+05,9.384669e+05
103,9.317877e+05,9.317878e+05
104,9.247773e+05,9.247773e+05
105,9.174380e+05,9.174379e+05
106,9.097724e+05,9.097724e+05
107,9.017834e+05,9.017834e+05
108,8.934737e+05,8.934738e+05
109,8.848463e+05,8.848463e+05
110,8.759043e+05,8.759043e+05
111,8.666508e+05,8.666509e+05
112,8.570892e+05,8.570892e+05
113,8.472228e+05,8.472228e+05
114,8.370551e+05,8.370551e+05
115,8.265898e+05,8.265898e+05
116,8.158306e+05,8.158306e+05
117,8.047813e+05,8.047813e+05
118,7.934458e+05,7.934458e+05
119,7.818282e+05,7.818282e+05
120,7.699326e+05,7.699326e+05
121,7.577632e+05,7.577632e+05
122,7.453244e+05,7.453244e+05
123,7.326205e+05,7.326205e+05
124,7.196561e+05,7.196561e+05
125,7.064359e+05,7.064359e+05
126,6.929644e+05,6.929644e+05
127,6.792465e+05,6.792466e+05
128,6.652871e+05,6.652871e+05
129,6.510912e+05,6.510912e+05
130,6.366637e+05,6.366638e+05
131,6.220099e+05,6.220099e+05
132,6.071348e+05,6.071348e+05
133,5.920439e+05,5.920439e+05
134,5.767425e+05,5.767425e+05
135,5.612360e+05,5.612359e+05
136,5.455299e+05,5.455299e+05
137,5.296298e+05,5.296298e+05
138,5.135414e+05,5.135414e+05
139,4.972704e+05,4.972704e+05
140,4.808226e+05,4.808226e+05
141,4.642038e+05,4.642038e+05
142,4.474200e+05,4.474200e+05
143,4.304770e+05,4.304770e+05
144,4.133810e+05,4.133810e+05
145,3.961380e+05,3.961380e+05
146,3.787542e+05,3.787542e+05
147,3.612356e+05,3.612356e+05
148,3.435886e+05,3.435886e+05
149,3.258195e+05,3.258195e+05
150,3.079345e+05,3.079345e+05
151,2.899399e+05,2.899399e+05
152,2.718423e+05,2.718423e+05
153,2.536481e+05,2.536481e+05
154,2.353636e+05,2.353636e+05
155,2.169954e+05,2.169954e+05
156,1.985501e+05,1.985501e+05
157,1.800342e+05,1.800342e+05
158,1.614543e+05,1.614543e+05
159,1.428169e+05,1.428169e+05
160,1.241288e+05,1.241288e+05
161,1.053965e+05,1.053965e+05
162,8.662680e+04,8.662680e+04
163,6.782626e+04,6.782626e+04
164,4.900159e+04,4.900159e+04
165,3.015951e+04,3.015951e+04
166,1.130670e+04,1.130670e+04
167,-7.550132e+03,-7.550132e+03
168,-2.640428e+04,-2.640428e+04
169,-4.524903e+04,-4.524904e+04
170,-6.407770e+04,-6.407770e+04
171,-8.288358e+04,-8.288359e+04
172,-1.016600e+05,-1.016600e+05
173,-1.204003e+05,-1.204003e+05
174,-1.390977e+05,-1.390977e+05
175,-1.577457e+05,-1.577457e+05
176,-1.763376e+05,-1.763376e+05
177,-1.948668e+05,-1.948668e+05
178,-2.133267e+05,-2.133267e+05
179,-2.317107e+05,-2.317107e+05
180,-2.500124e+05,-2.500124e+05
181,-2.682252e+05,-2.682252e+05
182,-2.863425e+05,-2.863425e+05
183,-3.043581e+05,-3.043581e+05
184,-3.222654e+05,-3.222654e+05
185,-3.400582e+05,-3.400582e+05
186,-3.577300e+05,-3.577300e+05
187,-3.752746e+05,-3.752747e+05
188,-3.926858e+05,-3.926858e+05
189,-4.099574e+05,-4.099574e+05
190,-4.270832e+05,-4.270832e+05
191,-4.440571e+05,-4.440571e+05
192,-4.608731e+05,-4.608731e+05
193,-4.775253e+05,-4.775253e+05
194,-4.940076e+05,-4.940076e+05
195,-5.103143e+05,-5.103143e+05
196,-5.264395e+05,-5.264395e+05
197,-5.423775e+05,-5.423776e+05
198,-5.581227e+05,-5.581228e+05
199,-5.736694e+05,-5.736694e+05
200,-5.890122e+05,-5.890122e+05
201,-6.041455e+05,-6.041454e+05
202,-6.190639e+05,-6.190639e+05
203,-6.337623e+05,-6.337623e+05
204,-6.482352e+05,-6.482353e+05
205,-6.624777e+05,-6.624778e+05
206,-6.764846e+05,-6.764846e+05
207,-6.902510e+05,-6.902510e+05
208,-7.037720e+05,-7.037719e+05
209,-7.170426e+05,-7.170426e+05
210,-7.300584e+05,-7.300584e+05
211,-7.428145e+05,-7.428145e+05
212,-7.553065e+05,-7.553065e+05
213,-7.675299e+05,-7.675299e+05
214,-7.794804e+05,-7.794804e+05
215,-7.911537e+05,-7.911538e+05
216,-8.025457e+05,-8.025458e+05
217,-8.136524e+05,-8.136524e+05
218,-8.244697e+05,-8.244697e+05
219,-8.349939e+05,-8.349939e+05
220,-8.452211e+05,-8.452211e+05
221,-8.551478e+05,-8.551478e+05
222,-8.647704e+05,-8.647704e+05
223,-8.740856e+05,-8.740856e+05
224,-8.830899e+05,-8.830899e+05
225,-8.917802e+05,-8.917802e+05
226,-9.001534e+05,-9.001534e+05
227,-9.082066e+05,-9.082066e+05
228,-9.159368e+05,-9.159368e+05
229,-9.233413e+05,-9.233413e+05
230,-9.304174e+05,-9.304174e+05
231,-9.371628e+05,-9.371628e+05
232,-9.435749e+05,-9.435749e+05
233,-9.496515e+05,-9.496515e+05
234,-9.553904e+05,-9.553904e+05
235,-9.607896e+05,-9.607896e+05
236,-9.658471e+05,-9.658471e+05
237,-9.705612e+05,-9.705613e+05
238,-9.749302e+05,-9.749303e+05
239,-9.789526e+05,-9.789526e+05
240,-9.826268e+05,-9.826268e+05
241,-9.859517e+05,-9.859516e+05
242,-9.889259e+05,-9.889259e+05
243,-9.915485e+05,-9.915485e+05
244,-9.938185e+05,-9.938185e+05
245,-9.957352e+05,-9.957352e+05
246,-9.972978e+05,-9.972978e+05
247,-9.985057e+05,-9.985057e+05
248,-9.993586e+05,-9.993586e+05
249,-9.998562e+05,-9.998562e+05
250,-9.999982e+05,-9.999982e+05
251,-9.997846e+05,-9.997846e+05
252,-9.992156e+05,-9.992156e+05
253,-9.982912e+05,-9.982913e+05
254,-9.970119e+05,-9.970119e+05
255,-9.953780e+05,-9.953781e+05
256,-9.933902e+05,-9.933903e+05
257,-9.910492e+05,-9.910492e+05
258,-9.883558e+05,-9.883558e+05
259,-9.853109e+05,-9.853109e+05
260,-9.819157e+05,-9.819157e+05
261,-9.781713e+05,-9.781713e+05
262,-9.740791e+05,-9.740791e+05
263,-9.696406e+05,-9.696406e+05
264,-9.648572e+05,-9.648573e+05
265,-9.597308e+05,-9.597308e+05
266,-9.542631e+05,-9.542631e+05
267,-9.484561e+05,-9.484561e+05
268,-9.423119e+05,-9.423119e+05
269,-9.358325e+05,-9.358326e+05
270,-9.290204e+05,-9.290204e+05
271,-9.218780e+05,-9.218780e+05
272,-9.144078e+05,-9.144078e+05
273,-9.066124e+05,-9.066124e+05
274,-8.984946e+05,-8.984946e+05
275,-8.900574e+05,-8.900574e+05
276,-8.813036e+05,-8.813036e+05
277,-8.722365e+05,-8.722366e+05
278,-8.628593e+05,-8.628593e+05
279,-8.531752e+05,-8.531752e+05
280,-8.431877e+05,-8.431878e+05
281,-8.329005e+05,-8.329005e+05
282,-8.223170e+05,-8.223171e+05
283,-8.114412e+05,-8.114412e+05
284,-8.002768e+05,-8.002768e+05
285,-7.888279e+05,-7.888279e+05
286,-7.770985e+05,-7.770984e+05
287,-7.650927e+05,-7.650927e+05
288,-7.528149e+05,-7.528149e+05
289,-7.402694e+05,-7.402694e+05
290,-7.274607e+05,-7.274607e+05
291,-7.143933e+05,-7.143933e+05
292,-7.010719e+05,-7.010719e+05
293,-6.875012e+05,-6.875013e+05
294,-6.736861e+05,-6.736861e+05
295,-6.596314e+05,-6.596314e+05
296,-6.453421e+05,-6.453421e+05
297,-6.308234e+05,-6.308234e+05
298,-6.160803e+05,-6.160803e+05
299,-6.011182e+05,-6.011182e+05
300,-5.859423e+05,-5.859423e+05
301,-5.705581e+05,-5.705581e+05
302,-5.549710e+05,-5.549711e+05
303,-5.391866e+05,-5.391866e+05
304,-5.232105e+05,-5.232105e+05
305,-5.070483e+05,-5.070483e+05
306,-4.907058e+05,-4.907058e+05
307,-4.741888e+05,-4.741888e+05
308,-4.575032e+05,-4.575032e+05
309,-4.406550e+05,-4.406550e+05
310,-4.236500e+05,-4.236500e+05
311,-4.064944e+05,-4.064944e+05
312,-3.891943e+05,-3.891943e+05
313,-3.717557e+05,-3.717558e+05
314,-3.541850e+05,-3.541850e+05
315,-3.364884e+05,-3.364883e+05
316,-3.186720e+05,-3.186721e+05
317,-3.007424e+05,-3.007424e+05
318,-2.827059e+05,-2.827059e+05
319,-2.645688e+05,-2.645688e+05
320,-2.463376e+05,-2.463376e+05
321,-2.280189e+05,-2.280189e+05
322,-2.096190e+05,-2.096190e+05
323,-1.911446e+05,-1.911446e+05
324,-1.726023e+05,-1.726023e+05
325,-1.539986e+05,-1.539986e+05
326,-1.353401e+05,-1.353401e+05
327,-1.166335e+05,-1.166335e+05
328,-9.788546e+04,-9.788545e+04
329,-7.910258e+04,-7.910258e+04
330,-6.029158e+04,-6.029158e+04
331,-4.145914e+04,-4.145914e+04
332,-2.261195e+04,-2.261195e+04
333,-3.756727e+03,-3.756727e+03
334,1.509983e+04,1.509983e+04
335,3.395102e+04,3.395102e+04
336,5.279014e+04,5.279014e+04
337,7.161049e+04,7.161049e+04
338,9.040537e+04,9.040538e+04
339,1.091681e+05,1.091681e+05
340,1.278920e+05,1.278920e+05
341,1.465705e+05,1.465705e+05
342,1.651968e+05,1.651968e+05
343,1.837644e+05,1.837644e+05
344,2.022666e+05,2.022666e+05
345,2.206969e+05,2.206970e+05
346,2.390488e+05,2.390488e+05
347,2.573156e+05,2.573156e+05
348,2.754910e+05,2.754910e+05
349,2.935684e+05,2.935684e+05
350,3.115414e+05,3.115414e+05
351,3.294036e+05,3.294036e+05
352,3.471487e+05,3.471487e+05
353,3.647703e+05,3.647703e+05
354,3.822623e+05,3.822623e+05
355,3.996183e+05,3.996183e+05
356,4.168322e+05,4.168322e+05
357,4.338979e+05,4.338979e+05
358,4.508093e+05,4.508093e+05
359,4.675605e+05,4.675605e+05
360,4.841453e+05,4.841453e+05
361,5.005580e+05,5.005580e+05
362,5.167928e+05,5.167928e+05
363,5.328437e+05,5.328438e+05
364,5.487052e+05,5.487052e+05
365,5.643716e+05,5.643716e+05
366,5.798373e+05,5.798373e+05
367,5.950968e+05,5.950968e+05
368,6.101447e+05,6.101448e+05
369,6.249757e+05,6.249757e+05
370,6.395844e+05,6.395844e+05
371,6.539657e+05,6.539658e+05
372,6.681145e+05,6.681145e+05
373,6.820257e+05,6.820257e+05
374,6.956944e+05,6.956944e+05
375,7.091157e+05,7.091157e+05
376,7.222849e+05,7.222849e+05
377,7.351972e+05,7.351972e+05
378,7.478481e+05,7.478481e+05
379,7.602331e+05,7.602331e+05
380,7.723478e+05,7.723478e+05
381,7.841878e+05,7.841878e+05
382,7.957490e+05,7.957490e+05
383,8.070272e+05,8.070272e+05
384,8.180185e+05,8.180185e+05
385,8.287189e+05,8.287189e+05
386,8.391246e+05,8.391246e+05
387,8.492319e+05,8.492319e+05
388,8.590373e+05,8.590373e+05
389,8.685372e+05,8.685373e+05
390,8.777283e+05,8.777283e+05
391,8.866073e+05,8.866073e+05
392,8.951710e+05,8.951710e+05
393,9.034164e+05,9.034164e+05
394,9.113406e+05,9.113406e+05
395,9.189407e+05,9.189407e+05
396,9.262140e+05,9.262141e+05
397,9.331581e+05,9.331581e+05
398,9.397703e+05,9.397703e+05
399,9.460483e+05,9.460483e+05
400,9.519899e+05,9.519899e+05
401,9.575931e+05,9.575931e+05
402,9.628557e+05,9.628557e+05
403,9.677759e+05,9.677759e+05
404,9.723521e+05,9.723521e+05
405,9.765824e+05,9.765824e+05
406,9.804656e+05,9.804656e+05
407,9.840001e+05,9.840001e+05
408,9.871847e+05,9.871846e+05
409,9.900182e+05,9.900183e+05
410,9.924998e+05,9.924998e+05
411,9.946284e+05,9.946284e+05
412,9.964033e+05,9.964034e+05
413,9.978240e+05,9.978240e+05
414,9.988898e+05,9.988899e+05
415,9.996005e+05,9.996005e+05
416,9.999557e+05,9.999558e+05
417,9.999554e+05,9.999554e+05
418,9.995995e+05,9.995994e+05
419,9.988881e+05,9.988881e+05
420,9.978216e+05,9.978216e+05
421,9.964002e+05,9.964003e+05
422,9.946246e+05,9.946246e+05
423,9.924953e+05,9.924953e+05
424,9.900130e+05,9.900131e+05
425,9.871788e+05,9.871788e+05
426,9.839935e+05,9.839935e+05
427,9.804583e+05,9.804583e+05
428,9.765745e+05,9.765746e+05
429,9.723435e+05,9.723435e+05
430,9.677667e+05,9.677667e+05
431,9.628458e+05,9.628458e+05
432,9.575825e+05,9.575825e+05
433,9.519787e+05,9.519787e+05
434,9.460364e+05,9.460364e+05
435,9.397577e+05,9.397577e+05
436,9.331449e+05,9.331449e+05
437,9.262002e+05,9.262002e+05
438,9.189262e+05,9.189262e+05
439,9.113255e+05,9.113254e+05
440,9.034007e+05,9.034006e+05
441,8.951546e+05,8.951546e+05
442,8.865903e+05,8.865903e+05
443,8.777107e+05,8.777107e+05
444,8.685190e+05,8.685190e+05
445,8.590185e+05,8.590185e+05
446,8.492125e+05,8.492126e+05
447,8.391046e+05,8.391046e+05
448,8.286983e+05,8.286983e+05
449,8.179973e+05,8.179974e+05
450,8.070055e+05,8.070055e+05
451,7.957267e+05,7.957268e+05
452,7.841650e+05,7.841650e+05
453,7.723244e+05,7.723244e+05
454,7.602092e+05,7.602093e+05
455,7.478237e+05,7.478238e+05
456,7.351723e+05,7.351723e+05
457,7.222595e+05,7.222594e+05
458,7.090898e+05,7.090898e+05
459,6.956680e+05,6.956680e+05
460,6.819988e+05,6.819989e+05
461,6.680872e+05,6.680872e+05
462,6.539380e+05,6.539379e+05
463,6.395562e+05,6.395562e+05
464,6.249470e+05,6.249470e+05
465,6.101156e+05,6.101156e+05
466,5.950673e+05,5.950673e+05
467,5.798074e+05,5.798074e+05
468,5.643413e+05,5.643413e+05
469,5.486745e+05,5.486745e+05
470,5.328126e+05,5.328126e+05
471,5.167613e+05,5.167613e+05
472,5.005262e+05,5.005263e+05
473,4.841132e+05,4.841132e+05
474,4.675280e+05,4.675280e+05
475,4.507766e+05,4.507766e+05
476,4.338648e+05,4.338648e+05
477,4.167988e+05,4.167988e+05
478,3.995846e+05,3.995846e+05
479,3.822283e+05,3.822283e+05
480,3.647361e+05,3.647361e+05
481,3.471142e+05,3.471142e+05
482,3.293689e+05,3.293689e+05
483,3.115065e+05,3.115065e+05
484,2.935333e+05,2.935333e+05
485,2.754557e+05,2.754557e+05
486,2.572801e+05,2.572801e+05
487,2.390131e+05,2.390131e+05
488,2.206611e+05,2.206611e+05
489,2.022307e+05,2.022307e+05
490,1.837283e+05,1.837283e+05
491,1.651606e+05,1.651606e+05
492,1.465341e+05,1.465341e+05
493,1.278556e+05,1.278556e+05
494,1.091316e+05,1.091316e+05
495,9.036879e+04,9.036879e+04
496,7.157385e+04,7.157385e+04
497,5.275346e+04,5.275346e+04
498,3.391431e+04,3.391431e+04
499,1.506311e+04,1.506311e+04
500,-3.793459e+03,-3.793459e+03
501,-2.264867e+04,-2.264867e+04
502,-4.149584e+04,-4.149584e+04
503,-6.032824e+04,-6.032824e+04
504,-7.913920e+04,-7.913920e+04
505,-9.792201e+04,-9.792202e+04
506,-1.166700e+05,-1.166700e+05
507,-1.353765e+05,-1.353765e+05
508,-1.540349e+05,-1.540349e+05
509,-1.726385e+05,-1.726385e+05
510,-1.911807e+05,-1.911807e+05
511,-2.096549e+05,-2.096549e+05
512,-2.280546e+05,-2.280546e+05
513,-2.463732e+05,-2.463732e+05
514,-2.646042e+05,-2.646042e+05
515,-2.827411e+05,-2.827411e+05
516,-3.007775e+05,-3.007775e+05
517,-3.187069e+05,-3.187069e+05
518,-3.365229e+05,-3.365229e+05
519,-3.542194e+05,-3.542194e+05
520,-3.717898e+05,-3.717898e+05
521,-3.892281e+05,-3.892281e+05
522,-4.065280e+05,-4.065280e+05
523,-4.236833e+05,-4.236833e+05
524,-4.406879e+05,-4.406879e+05
525,-4.575359e+05,-4.575359e+05
526,-4.742212e+05,-4.742212e+05
527,-4.907378e+05,-4.907378e+05
528,-5.070799e+05,-5.070799e+05
529,-5.232418e+05,-5.232418e+05
530,-5.392176e+05,-5.392176e+05
531,-5.550016e+05,-5.550016e+05
532,-5.705883e+05,-5.705883e+05
533,-5.859721e+05,-5.859721e+05
534,-6.011476e+05,-6.011476e+05
535,-6.161092e+05,-6.161093e+05
536,-6.308519e+05,-6.308519e+05
537,-6.453701e+05,-6.453701e+05
538,-6.596590e+05,-6.596589e+05
539,-6.737132e+05,-6.737132e+05
540,-6.875279e+05,-6.875279e+05
541,-7.010981e+05,-7.010981e+05
542,-7.144190e+05,-7.144191e+05
543,-7.274859e+05,-7.274859e+05
544,-7.402941e+05,-7.402941e+05
545,-7.528391e+05,-7.528391e+05
546,-7.651164e+05,-7.651164e+05
547,-7.771216e+05,-7.771216e+05
548,-7.888505e+05,-7.888504e+05
549,-8.002989e+05,-8.002989e+05
550,-8.114627e+05,-8.114627e+05
551,-8.223379e+05,-8.223379e+05
552,-8.329208e+05,-8.329208e+05
553,-8.432075e+05,-8.432075e+05
554,-8.531944e+05,-8.531944e+05
555,-8.628778e+05,-8.628778e+05
556,-8.722545e+05,-8.722545e+05
557,-8.813210e+05,-8.813210e+05
558,-8.900741e+05,-8.900741e+05
559,-8.985107e+05,-8.985108e+05
560,-9.066279e+05,-9.066279e+05
561,-9.144226e+05,-9.144226e+05
562,-9.218922e+05,-9.218923e+05
563,-9.290340e+05,-9.290341e+05
564,-9.358455e+05,-9.358455e+05
565,-9.423242e+05,-9.423242e+05
566,-9.484678e+05,-9.484678e+05
567,-9.542741e+05,-9.542741e+05
568,-9.597411e+05,-9.597411e+05
569,-9.648669e+05,-9.648669e+05
570,-9.696496e+05,-9.696496e+05
571,-9.740875e+05,-9.740874e+05
572,-9.781790e+05,-9.781790e+05
573,-9.819227e+05,-9.819227e+05
574,-9.853172e+05,-9.853172e+05
575,-9.883614e+05,-9.883614e+05
576,-9.910541e+05,-9.910541e+05
577,-9.933945e+05,-9.933944e+05
578,-9.953816e+05,-9.953816e+05
579,-9.970147e+05,-9.970148e+05
580,-9.982934e+05,-9.982934e+05
581,-9.992170e+05,-9.992171e+05
582,-9.997854e+05,-9.997854e+05
583,-9.999983e+05,-9.999983e+05
584,-9.998556e+05,-9.998556e+05
585,-9.993573e+05,-9.993573e+05
586,-9.985037e+05,-9.985037e+05
587,-9.972951e+05,-9.972951e+05
588,-9.957318e+05,-9.957318e+05
589,-9.938145e+05,-9.938144e+05
590,-9.915437e+05,-9.915438e+05
591,-9.889204e+05,-9.889204e+05
592,-9.859455e+05,-9.859455e+05
593,-9.826200e+05,-9.826200e+05
594,-9.789451e+05,-9.789451e+05
595,-9.749221e+05,-9.749221e+05
596,-9.705524e+05,-9.705524e+05
597,-9.658376e+05,-9.658376e+05
598,-9.607794e+05,-9.607794e+05
599,-9.553795e+05,-9.553796e+05
600,-9.496400e+05,-9.496400e+05
601,-9.435627e+05,-9.435628e+05
602,-9.371500e+05,-9.371500e+05
603,-9.304040e+05,-9.304040e+05
604,-9.233272e+05,-9.233272e+05
605,-9.159220e+05,-9.159220e+05
606,-9.081912e+05,-9.081912e+05
607,-9.001374e+05,-9.001374e+05
608,-8.917636e+05,-8.917636e+05
609,-8.830727e+05,-8.830727e+05
610,-8.740677e+05,-8.740678e+05
611,-8.647520e+05,-8.647520e+05
612,-8.551288e+05,-8.551288e+05
613,-8.452015e+05,-8.452015e+05
614,-8.349737e+05,-8.349736e+05
615,-8.244489e+05,-8.244489e+05
616,-8.136310e+05,-8.136310e+05
617,-8.025238e+05,-8.025238e+05
618,-7.911313e+05,-7.911313e+05
619,-7.794574e+05,-7.794574e+05
620,-7.675064e+05,-7.675064e+05
621,-7.552824e+05,-7.552824e+05
622,-7.427899e+05,-7.427899e+05
623,-7.300333e+05,-7.300333e+05
624,-7.170170e+05,-7.170171e+05
625,-7.037459e+05,-7.037459e+05
626,-6.902244e+05,-6.902244e+05
627,-6.764576e+05,-6.764576e+05
628,-6.624502e+05,-6.624502e+05
629,-6.482073e+05,-6.482073e+05
630,-6.337338e+05,-6.337339e+05
631,-6.190351e+05,-6.190351e+05
632,-6.041162e+05,-6.041162e+05
633,-5.889825e+05,-5.889825e+05
634,-5.736393e+05,-5.736394e+05
635,-5.580922e+05,-5.580923e+05
636,-5.423467e+05,-5.423467e+05
637,-5.264083e+05,-5.264083e+05
638,-5.102827e+05,-5.102827e+05
639,-4.939757e+05,-4.939757e+05
640,-4.774930e+05,-4.774930e+05
641,-4.608405e+05,-4.608405e+05
642,-4.440242e+05,-4.440242e+05
643,-4.270500e+05,-4.270500e+05
644,-4.099239e+05,-4.099239e+05
645,-3.926521e+05,-3.926521e+05
646,-3.752406e+05,-3.752406e+05
647,-3.576957e+05,-3.576957e+05
648,-3.400236e+05,-3.400237e+05
649,-3.222307e+05,-3.222307e+05
650,-3.043231e+05,-3.043231e+05
651,-2.863073e+05,-2.863073e+05
652,-2.681898e+05,-2.681898e+05
653,-2.499768e+05,-2.499768e+05
654,-2.316750e+05,-2.316750e+05
655,-2.132908e+05,-2.132908e+05
656,-1.948308e+05,-1.948308e+05
657,-1.763014e+05,-1.763014e+05
658,-1.577094e+05,-1.577094e+05
659,-1.390613e+05,-1.390613e+05
660,-1.203638e+05,-1.203638e+05
661,-1.016235e+05,-1.016235e+05
662,-8.284698e+04,-8.284698e+04
663,-6.404104e+04,-6.404104e+04
664,-4.521234e+04,-4.521234e+04
665,-2.636756e+04,-2.636756e+04
666,-7.513401e+03,-7.513401e+03
667,1.134343e+04,1.134343e+04
668,3.019622e+04,3.019622e+04
669,4.903828e+04,4.903828e+04
670,6.786290e+04,6.786291e+04
671,8.666339e+04,8.666339e+04
672,1.054331e+05,1.054331e+05
673,1.241653e+05,1.241653e+05
674,1.428533e+05,1.428533e+05
675,1.614905e+05,1.614905e+05
676,1.800703e+05,1.800703e+05
677,1.985861e+05,1.985861e+05
678,2.170313e+05,2.170313e+05
679,2.353993e+05,2.353993e+05
680,2.536836e+05,2.536836e+05
681,2.718777e+05,2.718777e+05
682,2.899751e+05,2.899751e+05
683,3.079694e+05,3.079694e+05
684,3.258542e+05,3.258542e+05
685,3.436231e+05,3.436231e+05
686,3.612699e+05,3.612699e+05
687,3.787882e+05,3.787882e+05
688,3.961718e+05,3.961718e+05
689,4.134145e+05,4.134145e+05
690,4.305102e+05,4.305102e+05
691,4.474528e+05,4.474528e+05
692,4.642364e+05,4.642364e+05
693,4.808548e+05,4.808548e+05
694,4.973023e+05,4.973023e+05
695,5.135729e+05,5.135729e+05
696,5.296610e+05,5.296610e+05
697,5.455607e+05,5.455607e+05
698,5.612664e+05,5.612664e+05
699,5.767725e+05,5.767725e+05
700,5.920735e+05,5.920735e+05
701,6.071640e+05,6.071640e+05
702,6.220386e+05,6.220386e+05
703,6.366920e+05,6.366921e+05
704,6.511191e+05,6.511191e+05
705,6.653146e+05,6.653146e+05
706,6.792735e+05,6.792735e+05
707,6.929909e+05,6.929909e+05
708,7.064619e+05,7.064619e+05
709,7.196816e+05,7.196816e+05
710,7.326455e+05,7.326455e+05
711,7.453489e+05,7.453489e+05
712,7.577872e+05,7.577872e+05
713,7.699560e+05,7.699561e+05
714,7.818511e+05,7.818511e+05
715,7.934682e+05,7.934682e+05
716,8.048031e+05,8.048031e+05
717,8.158519e+05,8.158519e+05
718,8.266105e+05,8.266105e+05
719,8.370752e+05,8.370753e+05
720,8.472423e+05,8.472423e+05
721,8.571081e+05,8.571081e+05
722,8.666692e+05,8.666692e+05
723,8.759220e+05,8.759221e+05
724,8.848635e+05,8.848634e+05
725,8.934902e+05,8.934903e+05
726,9.017993e+05,9.017993e+05
727,9.097877e+05,9.097877e+05
728,9.174526e+05,9.174526e+05
729,9.247912e+05,9.247913e+05
730,9.318011e+05,9.318011e+05
731,9.384796e+05,9.384796e+05
732,9.448243e+05,9.448243e+05
733,9.508332e+05,9.508332e+05
734,9.565039e+05,9.565039e+05
735,9.618345e+05,9.618345e+05
736,9.668231e+05,9.668231e+05
737,9.714679e+05,9.714679e+05
738,9.757673e+05,9.757673e+05
739,9.797197e+05,9.797198e+05
740,9.833238e+05,9.833238e+05
741,9.865782e+05,9.865782e+05
742,9.894818e+05,9.894818e+05
743,9.920335e+05,9.920335e+05
744,9.942325e+05,9.942325e+05
745,9.960780e+05,9.960780e+05
746,9.975693e+05,9.975693e+05
747,9.987058e+05,9.987058e+05
748,9.994873e+05,9.994873e+05
749,9.999133e+05,9.999133e+05
750,9.999838e+05,9.999838e+05
751,9.996987e+05,9.996988e+05
752,9.990582e+05,9.990582e+05
753,9.980624e+05,9.980624e+05
754,9.967117e+05,9.967117e+05
755,9.950066e+05,9.950066e+05
756,9.929477e+05,9.929477e+05
757,9.905357e+05,9.905357e+05
758,9.877715e+05,9.877715e+05
759,9.846560e+05,9.846561e+05
760,9.811905e+05,9.811905e+05
761,9.773760e+05,9.773760e+05
762,9.732140e+05,9.732140e+05
763,9.687060e+05,9.687060e+05
764,9.638535e+05,9.638535e+05
765,9.586583e+05,9.586583e+05
766,9.531221e+05,9.531221e+05
767,9.472471e+05,9.472471e+05
768,9.410353e+05,9.410353e+05
769,9.344888e+05,9.344888e+05
770,9.276101e+05,9.276101e+05
771,9.204015e+05,9.204015e+05
772,9.128656e+05,9.128656e+05
773,9.050052e+05,9.050051e+05
774,8.968229e+05,8.968229e+05
775,8.883217e+05,8.883218e+05
776,8.795047e+05,8.795047e+05
777,8.703749e+05,8.703749e+05
778,8.609357e+05,8.609357e+05
779,8.511903e+05,8.511903e+05
780,8.411422e+05,8.411423e+05
781,8.307951e+05,8.307951e+05
782,8.201525e+05,8.201525e+05
783,8.092183e+05,8.092183e+05
784,7.979964e+05,7.979964e+05
785,7.864907e+05,7.864907e+05
786,7.747054e+05,7.747054e+05
787,7.626445e+05,7.626445e+05
788,7.503125e+05,7.503125e+05
789,7.377137e+05,7.377138e+05
790,7.248526e+05,7.248526e+05
791,7.117337e+05,7.117338e+05
792,6.983618e+05,6.983618e+05
793,6.847415e+05,6.847415e+05
794,6.708778e+05,6.708778e+05
795,6.567755e+05,6.567755e+05
796,6.424396e+05,6.424396e+05
797,6.278754e+05,6.278754e+05
798,6.130878e+05,6.130878e+05
799,5.980823e+05,5.980823e+05
800,5.828641e+05,5.828641e+05
801,5.674386e+05,5.674386e+05
802,5.518114e+05,5.518114e+05
803,5.359879e+05,5.359879e+05
804,5.199739e+05,5.199739e+05
805,5.037750e+05,5.037750e+05
806,4.873969e+05,4.873969e+05
807,4.708456e+05,4.708456e+05
808,4.541268e+05,4.541268e+05
809,4.372465e+05,4.372465e+05
810,4.202107e+05,4.202108e+05
811,4.030256e+05,4.030256e+05
812,3.856971e+05,3.856971e+05
813,3.682315e+05,3.682315e+05
814,3.506349e+05,3.506349e+05
815,3.329137e+05,3.329137e+05
816,3.150741e+05,3.150741e+05
817,2.971224e+05,2.971224e+05
818,2.790651e+05,2.790651e+05
819,2.609086e+05,2.609086e+05
820,2.426593e+05,2.426593e+05
821,2.243237e+05,2.243237e+05
822,2.059083e+05,2.059083e+05
823,1.874198e+05,1.874198e+05
824,1.688645e+05,1.688645e+05
825,1.502493e+05,1.502493e+05
826,1.315806e+05,1.315806e+05
827,1.128651e+05,1.128651e+05
828,9.410951e+04,9.410951e+04
829,7.532044e+04,7.532044e+04
830,5.650459e+04,5.650459e+04
831,3.766864e+04,3.766864e+04
832,1.881930e+04,1.881930e+04
833,-3.673205e+01,-3.673205e+01
834,-1.889275e+04,-1.889275e+04
835,-3.774205e+04,-3.774205e+04
836,-5.657793e+04,-5.657793e+04
837,-7.539369e+04,-7.539370e+04
838,-9.418265e+04,-9.418265e+04
839,-1.129381e+05,-1.129381e+05
840,-1.316534e+05,-1.316534e+05
841,-1.503219e+05,-1.503219e+05
842,-1.689370e+05,-1.689370e+05
843,-1.874919e+05,-1.874919e+05
844,-2.059802e+05,-2.059802e+05
845,-2.243953e+05,-2.243953e+05
846,-2.427305e+05,-2.427305e+05
847,-2.609795e+05,-2.609795e+05
848,-2.791357e+05,-2.791357e+05
849,-2.971926e+05,-2.971926e+05
850,-3.151438e+05,-3.151438e+05
851,-3.329830e+05,-3.329830e+05
852,-3.507037e+05,-3.507037e+05
853,-3.682998e+05,-3.682998e+05
854,-3.857649e+05,-3.857649e+05
855,-4.030928e+05,-4.030928e+05
856,-4.202774e+05,-4.202774e+05
857,-4.373126e+05,-4.373126e+05
858,-4.541922e+05,-4.541922e+05
859,-4.709104e+05,-4.709104e+05
860,-4.874611e+05,-4.874611e+05
861,-5.038384e+05,-5.038384e+05
862,-5.200367e+05,-5.200367e+05
863,-5.360500e+05,-5.360499e+05
864,-5.518727e+05,-5.518727e+05
865,-5.674991e+05,-5.674991e+05
866,-5.829238e+05,-5.829238e+05
867,-5.981412e+05,-5.981412e+05
868,-6.131459e+05,-6.131459e+05
869,-6.279325e+05,-6.279326e+05
870,-6.424959e+05,-6.424959e+05
871,-6.568309e+05,-6.568309e+05
872,-6.709323e+05,-6.709323e+05
873,-6.847951e+05,-6.847951e+05
874,-6.984144e+05,-6.984144e+05
875,-7.117853e+05,-7.117853e+05
876,-7.249032e+05,-7.249032e+05
877,-7.377633e+05,-7.377633e+05
878,-7.503611e+05,-7.503611e+05
879,-7.626920e+05,-7.626921e+05
880,-7.747518e+05,-7.747518e+05
881,-7.865361e+05,-7.865361e+05
882,-7.980407e+05,-7.980407e+05
883,-8.092615e+05,-8.092615e+05
884,-8.201946e+05,-8.201946e+05
885,-8.308360e+05,-8.308360e+05
886,-8.411820e+05,-8.411819e+05
887,-8.512288e+05,-8.512289e+05
888,-8.609730e+05,-8.609731e+05
889,-8.704111e+05,-8.704111e+05
890,-8.795397e+05,-8.795397e+05
891,-8.883555e+05,-8.883554e+05
892,-8.968554e+05,-8.968554e+05
893,-9.050364e+05,-9.050364e+05
894,-9.128956e+05,-9.128956e+05
895,-9.204302e+05,-9.204302e+05
896,-9.276375e+05,-9.276375e+05
897,-9.345150e+05,-9.345149e+05
898,-9.410601e+05,-9.410601e+05
899,-9.472707e+05,-9.472707e+05
900,-9.531444e+05,-9.531444e+05
901,-9.586792e+05,-9.586792e+05
902,-9.638731e+05,-9.638731e+05
903,-9.687242e+05,-9.687242e+05
904,-9.732309e+05,-9.732309e+05
905,-9.773916e+05,-9.773916e+05
906,-9.812047e+05,-9.812046e+05
907,-9.846689e+05,-9.846689e+05
908,-9.877829e+05,-9.877829e+05
909,-9.905458e+05,-9.905458e+05
910,-9.929564e+05,-9.929564e+05
911,-9.950139e+05,-9.950139e+05
912,-9.967176e+05,-9.967176e+05
913,-9.980669e+05,-9.980669e+05
914,-9.990614e+05,-9.990614e+05
915,-9.997005e+05,-9.997005e+05
916,-9.999842e+05,-9.999843e+05
917,-9.999123e+05,-9.999124e+05
918,-9.994849e+05,-9.994849e+05
919,-9.987021e+05,-9.987021e+05
920,-9.975641e+05,-9.975641e+05
921,-9.960715e+05,-9.960715e+05
922,-9.942246e+05,-9.942246e+05
923,-9.920243e+05,-9.920243e+05
924,-9.894711e+05,-9.894711e+05
925,-9.865662e+05,-9.865662e+05
926,-9.833104e+05,-9.833104e+05
927,-9.797050e+05,-9.797050e+05
928,-9.757512e+05,-9.757513e+05
929,-9.714505e+05,-9.714505e+05
930,-9.668043e+05,-9.668044e+05
931,-9.618144e+05,-9.618144e+05
932,-9.564825e+05,-9.564824e+05
933,-9.508104e+05,-9.508104e+05
934,-9.448003e+05,-9.448003e+05
935,-9.384542e+05,-9.384542e+05
936,-9.317744e+05,-9.317744e+05
937,-9.247633e+05,-9.247633e+05
938,-9.174233e+05,-9.174233e+05
939,-9.097572e+05,-9.097572e+05
940,-9.017675e+05,-9.017675e+05
941,-8.934572e+05,-8.934573e+05
942,-8.848292e+05,-8.848293e+05
943,-8.758866e+05,-8.758866e+05
944,-8.666325e+05,-8.666325e+05
945,-8.570703e+05,-8.570703e+05
946,-8.472033e+05,-8.472033e+05
947,-8.370350e+05,-8.370351e+05
948,-8.265692e+05,-8.265692e+05
949,-8.158094e+05,-8.158094e+05
950,-8.047595e+05,-8.047595e+05
951,-7.934235e+05,-7.934234e+05
952,-7.818053e+05,-7.818053e+05
953,-7.699092e+05,-7.699091e+05
954,-7.577392e+05,-7.577393e+05
955,-7.452999e+05,-7.452999e+05
956,-7.325955e+05,-7.325955e+05
957,-7.196306e+05,-7.196306e+05
958,-7.064099e+05,-7.064099e+05
959,-6.929379e+05,-6.929379e+05
960,-6.792196e+05,-6.792196e+05
961,-6.652597e+05,-6.652598e+05
962,-6.510633e+05,-6.510633e+05
963,-6.366354e+05,-6.366354e+05
964,-6.219811e+05,-6.219811e+05
965,-6.071056e+05,-6.071056e+05
966,-5.920143e+05,-5.920143e+05
967,-5.767125e+05,-5.767124e+05
968,-5.612056e+05,-5.612056e+05
969,-5.454991e+05,-5.454991e+05
970,-5.295987e+05,-5.295986e+05
971,-5.135099e+05,-5.135099e+05
972,-4.972386e+05,-4.972386e+05
973,-4.807904e+05,-4.807904e+05
974,-4.641713e+05,-4.641713e+05
975,-4.473871e+05,-4.473871e+05
976,-4.304439e+05,-4.304439e+05
977,-4.133476e+05,-4.133476e+05
978,-3.961043e+05,-3.961043e+05
979,-3.787202e+05,-3.787202e+05
980,-3.612014e+05,-3.612014e+05
981,-3.435541e+05,-3.435541e+05
982,-3.257847e+05,-3.257848e+05
983,-3.078995e+05,-3.078995e+05
984,-2.899048e+05,-2.899048e+05
985,-2.718070e+05,-2.718070e+05
986,-2.536125e+05,-2.536125e+05
987,-2.353279e+05,-2.353279e+05
988,-2.169596e+05,-2.169596e+05
989,-1.985141e+05,-1.985141e+05
990,-1.799981e+05,-1.799981e+05
991,-1.614180e+05,-1.614180e+05
992,-1.427806e+05,-1.427806e+05
993,-1.240924e+05,-1.240924e+05
994,-1.053600e+05,-1.053600e+05
995,-8.659021e+04,-8.659020e+04
996,-6.778961e+04,-6.778961e+04
997,-4.896491e+04,-4.896491e+04
998,-3.012279e+04,-3.012279e+04
999,-1.126997e+04,-1.126997e+04
0,0.000000e+00,0.000000e+00
1,1.885603e+04,1.885603e+04
2,3.770535e+04,3.770535e+04
3,5.654126e+04,5.654126e+04
4,7.535707e+04,7.535707e+04
5,9.414608e+04,9.414608e+04
6,1.129016e+05,1.129016e+05
7,1.316170e+05,1.316170e+05
8,1.502856e+05,1.502856e+05
9,1.689007e+05,1.689008e+05
10,1.874558e+05,1.874558e+05
11,2.059443e+05,2.059443e+05
12,2.243595e+05,2.243595e+05
13,2.426949e+05,2.426949e+05
14,2.609440e+05,2.609440e+05
15,2.791004e+05,2.791004e+05
16,2.971575e+05,2.971575e+05
17,3.151089e+05,3.151089e+05
18,3.329483e+05,3.329483e+05
19,3.506693e+05,3.506693e+05
20,3.682656e+05,3.682656e+05
21,3.857310e+05,3.857310e+05
22,4.030592e+05,4.030592e+05
23,4.202441e+05,4.202441e+05
24,4.372795e+05,4.372795e+05
25,4.541595e+05,4.541595e+05
26,4.708780e+05,4.708780e+05
27,4.874290e+05,4.874290e+05
28,5.038067e+05,5.038067e+05
29,5.200053e+05,5.200053e+05
30,5.360190e+05,5.360189e+05
31,5.518420e+05,5.518420e+05
32,5.674689e+05,5.674689e+05
33,5.828939e+05,5.828939e+05
34,5.981117e+05,5.981118e+05
35,6.131169e+05,6.131169e+05
36,6.279040e+05,6.279039e+05
37,6.424678e+05,6.424678e+05
38,6.568032e+05,6.568032e+05
39,6.709050e+05,6.709050e+05
40,6.847683e+05,6.847683e+05
41,6.983881e+05,6.983881e+05
42,7.117595e+05,7.117596e+05
43,7.248779e+05,7.248779e+05
44,7.377385e+05,7.377385e+05
45,7.503368e+05,7.503368e+05
46,7.626683e+05,7.626683e+05
47,7.747286e+05,7.747286e+05
48,7.865134e+05,7.865134e+05
49,7.980185e+05,7.980185e+05
50,8.092399e+05,8.092399e+05
51,8.201735e+05,8.201736e+05
52,8.308155e+05,8.308156e+05
53,8.411621e+05,8.411621e+05
54,8.512096e+05,8.512096e+05
55,8.609544e+05,8.609544e+05
56,8.703930e+05,8.703930e+05
57,8.795222e+05,8.795222e+05
58,8.883386e+05,8.883386e+05
59,8.968391e+05,8.968391e+05
60,9.050208e+05,9.050208e+05
61,9.128806e+05,9.128806e+05
62,9.204158e+05,9.204159e+05
63,9.276238e+05,9.276238e+05
64,9.345019e+05,9.345019e+05
65,9.410477e+05,9.410477e+05
66,9.472589e+05,9.472589e+05
67,9.531333e+05,9.531333e+05
68,9.586687e+05,9.586687e+05
69,9.638633e+05,9.638633e+05
70,9.687151e+05,9.687151e+05
71,9.732225e+05,9.732225e+05
72,9.773838e+05,9.773838e+05
73,9.811976e+05,9.811976e+05
74,9.846624e+05,9.846624e+05
75,9.877772e+05,9.877772e+05
76,9.905407e+05,9.905407e+05
77,9.929520e+05,9.929520e+05
78,9.950102e+05,9.950103e+05
79,9.967147e+05,9.967146e+05
80,9.980647e+05,9.980646e+05
81,9.990598e+05,9.990598e+05
82,9.996996e+05,9.996996e+05
83,9.999840e+05,9.999840e+05
84,9.999128e+05,9.999128e+05
85,9.994861e+05,9.994861e+05
86,9.987040e+05,9.987039e+05
87,9.975667e+05,9.975667e+05
88,9.960747e+05,9.960748e+05
89,9.942286e+05,9.942286e+05
90,9.920289e+05,9.920289e+05
91,9.894765e+05,9.894764e+05
92,9.865722e+05,9.865722e+05
93,9.833171e+05,9.833171e+05
94,9.797124e+05,9.797124e+05
95,9.757593e+05,9.757593e+05
96,9.714592e+05,9.714593e+05
97,9.668137e+05,9.668138e+05
98,9.618245e+05,9.618244e+05
99,9.564932e+05,9.564932e+05
100,9.508218e+05,9.508218e+05
101,9.448123e+05,9.448123e+05
102,9.384669e+05,9.384669e+05
103,9.317877e+05,9.317878e+05
104,9.247773e+05,9.247773e+05
105,9.174380e+05,9.174379e+05
106,9.097724e+05,9.097724e+05
107,9.017834e+05,9.017834e+05
108,8.934737e+05,8.934738e+05
109,8.848463e+05,8.848463e+05
110,8.759043e+05,8.759043e+05
111,8.666508e+05,8.666509e+05
112,8.570892e+05,8.570892e+05
113,8.472228e+05,8.472228e+05
114,8.370551e+05,8.370551e+05
115,8.265898e+05,8.265898e+05
116,8.158306e+05,8.158306e+05
117,8.047813e+05,8.047813e+05
118,7.934458e+05,7.934458e+05
119,7.818282e+05,7.818282e+05
120,7.699326e+05,7.699326e+05
121,7.577632e+05,7.577632e+05
122,7.453244e+05,7.453244e+05
123,7.326205e+05,7.326205e+05
124,7.196561e+05,7.196561e+05
125,7.064359e+05,7.064359e+05
126,6.929644e+05,6.929644e+05
127,6.792465e+05,6.792466e+05
128,6.652871e+05,6.652871e+05
129,6.510912e+05,6.510912e+05
130,6.366637e+05,6.366638e+05
131,6.220099e+05,6.220099e+05
132,6.071348e+05,6.071348e+05
133,5.920439e+05,5.920439e+05
134,5.767425e+05,5.767425e+05
135,5.612360e+05,5.612359e+05
136,5.455299e+05,5.455299e+05
137,5.296298e+05,5.296298e+05
138,5.135414e+05,5.135414e+05
139,4.972704e+05,4.972704e+05
140,4.808226e+05,4.808226e+05
141,4.642038e+05,4.642038e+05
142,4.474200e+05,4.474200e+05
143,4.304770e+05,4.304770e+05
144,4.133810e+05,4.133810e+05
145,3.961380e+05,3.961380e+05
146,3.787542e+05,3.787542e+05
147,3.612356e+05,3.612356e+05
148,3.435886e+05,3.435886e+05
149,3.258195e+05,3.258195e+05
150,3.079345e+05,3.079345e+05
151,2.899399e+05,2.899399e+05
152,2.718423e+05,2.718423e+05
153,2.536481e+05,2.536481e+05
154,2.353636e+05,2.353636e+05
155,2.169954e+05,2.169954e+05
156,1.985501e+05,1.985501e+05
157,1.800342e+05,1.800342e+05
158,1.614543e+05,1.614543e+05
159,1.428169e+05,1.428169e+05
160,1.241288e+05,1.241288e+05
161,1.053965e+05,1.053965e+05
162,8.662680e+04,8.662680e+04
163,6.782626e+04,6.782626e+04
164,4.900159e+04,4.900159e+04
165,3.015951e+04,3.015951e+04
166,1.130670e+04,1.130670e+04
167,-7.550132e+03,-7.550132e+03
168,-2.640428e+04,-2.640428e+04
169,-4.524903e+04,-4.524904e+04
170,-6.407770e+04,-6.407770e+04
171,-8.288358e+04,-8.288359e+04
172,-1.016600e+05,-1.016600e+05
173,-1.204003e+05,-1.204003e+05
174,-1.390977e+05,-1.390977e+05
175,-1.577457e+05,-1.577457e+05
176,-1.763376e+05,-1.763376e+05
177,-1.948668e+05,-1.948668e+05
178,-2.133267e+05,-2.133267e+05
179,-2.317107e+05,-2.317107e+05
180,-2.500124e+05,-2.500124e+05
181,-2.682252e+05,-2.682252e+05
182,-2.863425e+05,-2.863425e+05
183,-3.043581e+05,-3.043581e+05
184,-3.222654e+05,-3.222654e+05
185,-3.400582e+05,-3.400582e+05
186,-3.577300e+05,-3.577300e+05
187,-3.752746e+05,-3.752747e+05
188,-3.926858e+05,-3.926858e+05
189,-4.099574e+05,-4.099574e+05
190,-4.270832e+05,-4.270832e+05
191,-4.440571e+05,-4.440571e+05
192,-4.608731e+05,-4.608731e+05
193,-4.775253e+05,-4.775253e+05
194,-4.940076e+05,-4.940076e+05
195,-5.103143e+05,-5.103143e+05
196,-5.264395e+05,-5.264395e+05
197,-5.423775e+05,-5.423776e+05
198,-5.581227e+05,-5.581228e+05
199,-5.736694e+05,-5.736694e+05
200,-5.890122e+05,-5.890122e+05
201,-6.041455e+05,-6.041454e+05
202,-6.190639e+05,-6.190639e+05
203,-6.337623e+05,-6.337623e+05
204,-6.482352e+05,-6.482353e+05
205,-6.624777e+05,-6.624778e+05
206,-6.764846e+05,-6.764846e+05
207,-6.902510e+05,-6.902510e+05
208,-7.037720e+05,-7.037719e+05
209,-7.170426e+05,-7.170426e+05
210,-7.300584e+05,-7.300584e+05
211,-7.428145e+05,-7.428145e+05
212,-7.553065e+05,-7.553065e+05
213,-7.675299e+05,-7.675299e+05
214,-7.794804e+05,-7.794804e+05
215,-7.911537e+05,-7.911538e+05
216,-8.025457e+05,-8.025458e+05
217,-8.136524e+05,-8.136524e+05
218,-8.244697e+05,-8.244697e+05
219,-8.349939e+05,-8.349939e+05
220,-8.452211e+05,-8.452211e+05
221,-8.551478e+05,-8.551478e+05
222,-8.647704e+05,-8.647704e+05
223,-8.740856e+05,-8.740856e+05
224,-8.830899e+05,-8.830899e+05
225,-8.917802e+05,-8.917802e+05
226,-9.001534e+05,-9.001534e+05
227,-9.082066e+05,-9.082066e+05
228,-9.159368e+05,-9.159368e+05
229,-9.233413e+05,-9.233413e+05
230,-9.304174e+05,-9.304174e+05
231,-9.371628e+05,-9.371628e+05
232,-9.435749e+05,-9.435749e+05
233,-9.496515e+05,-9.496515e+05
234,-9.553904e+05,-9.553904e+05
235,-9.607896e+05,-9.607896e+05
236,-9.658471e+05,-9.658471e+05
237,-9.705612e+05,-9.705613e+05
238,-9.749302e+05,-9.749303e+05
239,-9.789526e+05,-9.789526e+05
240,-9.826268e+05,-9.826268e+05
241,-9.859517e+05,-9.859516e+05
242,-9.889259e+05,-9.889259e+05
243,-9.915485e+05,-9.915485e+05
244,-9.938185e+05,-9.938185e+05
245,-9.957352e+05,-9.957352e+05
246,-9.972978e+05,-9.972978e+05
247,-9.985057e+05,-9.985057e+05
248,-9.993586e+05,-9.993586e+05
249,-9.998562e+05,-9.998562e+05
250,-9.999982e+05,-9.999982e+05
251,-9.997846e+05,-9.997846e+05
252,-9.992156e+05,-9.992156e+05
253,-9.982912e+05,-9.982913e+05
254,-9.970119e+05,-9.970119e+05
255,-9.953780e+05,-9.953781e+05
256,-9.933902e+05,-9.933903e+05
257,-9.910492e+05,-9.910492e+05
258,-9.883558e+05,-9.883558e+05
259,-9.853109e+05,-9.853109e+05
260,-9.819157e+05,-9.819157e+05
261,-9.781713e+05,-9.781713e+05
262,-9.740791e+05,-9.740791e+05
263,-9.696406e+05,-9.696406e+05
264,-9.648572e+05,-9.648573e+05
265,-9.597308e+05,-9.597308e+05
266,-9.542631e+05,-9.542631e+05
267,-9.484561e+05,-9.484561e+05
268,-9.423119e+05,-9.423119e+05
269,-9.358325e+05,-9.358326e+05
270,-9.290204e+05,-9.290204e+05
271,-9.218780e+05,-9.218780e+05
272,-9.144078e+05,-9.144078e+05
273,-9.066124e+05,-9.066124e+05
274,-8.984946e+05,-8.984946e+05
275,-8.900574e+05,-8.900574e+05
276,-8.813036e+05,-8.813036e+05
277,-8.722365e+05,-8.722366e+05
278,-8.628593e+05,-8.628593e+05
279,-8.531752e+05,-8.531752e+05
280,-8.431877e+05,-8.431878e+05
281,-8.329005e+05,-8.329005e+05
282,-8.223170e+05,-8.223171e+05
283,-8.114412e+05,-8.114412e+05
284,-8.002768e+05,-8.002768e+05
285,-7.888279e+05,-7.888279e+05
286,-7.770985e+05,-7.770984e+05
287,-7.650927e+05,-7.650927e+05
288,-7.528149e+05,-7.528149e+05
289,-7.402694e+05,-7.402694e+05
290,-7.274607e+05,-7.274607e+05
291,-7.143933e+05,-7.143933e+05
292,-7.010719e+05,-7.010719e+05
293,-6.875012e+05,-6.875013e+05
294,-6.736861e+05,-6.736861e+05
295,-6.596314e+05,-6.596314e+05
296,-6.453421e+05,-6.453421e+05
297,-6.308234e+05,-6.308234e+05
298,-6.160803e+05,-6.160803e+05
299,-6.011182e+05,-6.011182e+05
300,-5.859423e+05,-5.859423e+05
301,-5.705581e+05,-5.705581e+05
302,-5.549710e+05,-5.549711e+05
303,-5.391866e+05,-5.391866e+05
304,-5.232105e+05,-5.232105e+05
305,-5.070483e+05,-5.070483e+05
306,-4.907058e+05,-4.907058e+05
307,-4.741888e+05,-4.741888e+05
308,-4.575032e+05,-4.575032e+05
309,-4.406550e+05,-4.406550e+05
310,-4.236500e+05,-4.236500e+05
311,-4.064944e+05,-4.064944e+05
312,-3.891943e+05,-3.891943e+05
313,-3.717557e+05,-3.717558e+05
314,-3.541850e+05,-3.541850e+05
315,-3.364884e+05,-3.364883e+05
316,-3.186720e+05,-3.186721e+05
317,-3.007424e+05,-3.007424e+05
318,-2.827059e+05,-2.827059e+05
319,-2.645688e+05,-2.645688e+05
320,-2.463376e+05,-2.463376e+05
321,-2.280189e+05,-2.280189e+05
322,-2.096190e+05,-2.096190e+05
323,-1.911446e+05,-1.911446e+05
324,-1.726023e+05,-1.726023e+05
325,-1.539986e+05,-1.539986e+05
326,-1.353401e+05,-1.353401e+05
327,-1.166335e+05,-1.166335e+05
328,-9.788546e+04,-9.788545e+04
329,-7.910258e+04,-7.910258e+04
330,-6.029158e+04,-6.029158e+04
331,-4.145914e+04,-4.145914e+04
332,-2.261195e+04,-2.261195e+04
333,-3.756727e+03,-3.756727e+03
334,1.509983e+04,1.509983e+04
335,3.395102e+04,3.395102e+04
336,5.279014e+04,5.279014e+04
337,7.161049e+04,7.161049e+04
338,9.040537e+04,9.040538e+04
339,1.091681e+05,1.091681e+05
340,1.278920e+05,1.278920e+05
341,1.465705e+05,1.465705e+05
342,1.651968e+05,1.651968e+05
343,1.837644e+05,1.837644e+05
344,2.022666e+05,2.022666e+05
345,2.206969e+05,2.206970e+05
346,2.390488e+05,2.390488e+05
347,2.573156e+05,2.573156e+05
348,2.754910e+05,2.754910e+05
349,2.935684e+05,2.935684e+05
350,3.115414e+05,3.115414e+05
351,3.294036e+05,3.294036e+05
352,3.471487e+05,3.471487e+05
353,3.647703e+05,3.647703e+05
354,3.822623e+05,3.822623e+05
355,3.996183e+05,3.996183e+05
356,4.168322e+05,4.168322e+05
357,4.338979e+05,4.338979e+05
358,4.508093e+05,4.508093e+05
359,4.675605e+05,4.675605e+05
360,4.841453e+05,4.841453e+05
361,5.005580e+05,5.005580e+05
362,5.167928e+05,5.167928e+05
363,5.328437e+05,5.328438e+05
364,5.487052e+05,5.487052e+05
365,5.643716e+05,5.643716e+05
366,5.798373e+05,5.798373e+05
367,5.950968e+05,5.950968e+05
368,6.101447e+05,6.101448e+05
369,6.249757e+05,6.249757e+05
370,6.395844e+05,6.395844e+05
371,6.539657e+05,6.539658e+05
372,6.681145e+05,6.681145e+05
373,6.820257e+05,6.820257e+05
374,6.956944e+05,6.956944e+05
375,7.091157e+05,7.091157e+05
376,7.222849e+05,7.222849e+05
377,7.351972e+05,7.351972e+05
378,7.478481e+05,7.478481e+05
379,7.602331e+05,7.602331e+05
380,7.723478e+05,7.723478e+05
381,7.841878e+05,7.841878e+05
382,7.957490e+05,7.957490e+05
383,8.070272e+05,8.070272e+05
384,8.180185e+05,8.180185e+05
385,8.287189e+05,8.287189e+05
386,8.391246e+05,8.391246e+05
387,8.492319e+05,8.492319e+05
388,8.590373e+05,8.590373e+05
389,8.685372e+05,8.685373e+05
390,8.777283e+05,8.777283e+05
391,8.866073e+05,8.866073e+05
392,8.951710e+05,8.951710e+05
393,9.034164e+05,9.034164e+05
394,9.113406e+05,9.113406e+05
395,9.189407e+05,9.189407e+05
396,9.262140e+05,9.262141e+05
397,9.331581e+05,9.331581e+05
398,9.397703e+05,9.397703e+05
399,9.460483e+05,9.460483e+05
400,9.519899e+05,9.519899e+05
401,9.575931e+05,9.575931e+05
402,9.628557e+05,9.628557e+05
403,9.677759e+05,9.677759e+05
404,9.723521e+05,9.723521e+05
405,9.765824e+05,9.765824e+05
406,9.804656e+05,9.804656e+05
407,9.840001e+05,9.840001e+05
408,9.871847e+05,9.871846e+05
409,9.900182e+05,9.900183e+05
410,9.924998e+05,9.924998e+05
411,9.946284e+05,9.946284e+05
412,9.964033e+05,9.964034e+05
413,9.978240e+05,9.978240e+05
414,9.988898e+05,9.988899e+05
415,9.996005e+05,9.996005e+05
416,9.999557e+05,9.999558e+05
417,9.999554e+05,9.999554e+05
418,9.995995e+05,9.995994e+05
419,9.988881e+05,9.988881e+05
420,9.978216e+05,9.978216e+05
421,9.964002e+05,9.964003e+05
422,9.946246e+05,9.946246e+05
423,9.924953e+05,9.924953e+05
424,9.900130e+05,9.900131e+05
425,9.871788e+05,9.871788e+05
426,9.839935e+05,9.839935e+05
427,9.804583e+05,9.804583e+05
428,9.765745e+05,9.765746e+05
429,9.723435e+05,9.723435e+05
430,9.677667e+05,9.677667e+05
431,9.628458e+05,9.628458e+05
432,9.575825e+05,9.575825e+05
433,9.519787e+05,9.519787e+05
434,9.460364e+05,9.460364e+05
435,9.397577e+05,9.397577e+05
436,9.331449e+05,9.331449e+05
437,9.262002e+05,9.262002e+05
438,9.189262e+05,9.189262e+05
439,9.113255e+05,9.113254e+05
440,9.034007e+05,9.034006e+05
441,8.951546e+05,8.951546e+05
442,8.865903e+05,8.865903e+05
443,8.777107e+05,8.777107e+05
444,8.685190e+05,8.685190e+05
445,8.590185e+05,8.590185e+05
446,8.492125e+05,8.492126e+05
447,8.391046e+05,8.391046e+05
448,8.286983e+05,8.286983e+05
449,8.179973e+05,8.179974e+05
450,8.070055e+05,8.070055e+05
451,7.957267e+05,7.957268e+05
452,7.841650e+05,7.841650e+05
453,7.723244e+05,7.723244e+05
454,7.602092e+05,7.602093e+05
455,7.478237e+05,7.478238e+05
456,7.351723e+05,7.351723e+05
457,7.222595e+05,7.222594e+05
458,7.090898e+05,7.090898e+05
459,6.956680e+05,6.956680e+05
460,6.819988e+05,6.819989e+05
461,6.680872e+05,6.680872e+05
462,6.539380e+05,6.539379e+05
463,6.395562e+05,6.395562e+05
464,6.249470e+05,6.249470e+05
465,6.101156e+05,6.101156e+05
466,5.950673e+05,5.950673e+05
467,5.798074e+05,5.798074e+05
468,5.643413e+05,5.643413e+05
469,5.486745e+05,5.486745e+05
470,5.328126e+05,5.328126e+05
471,5.167613e+05,5.167613e+05
472,5.005262e+05,5.005263e+05
473,4.841132e+05,4.841132e+05
474,4.675280e+05,4.675280e+05
475,4.507766e+05,4.507766e+05
476,4.338648e+05,4.338648e+05
477,4.167988e+05,4.167988e+05
478,3.995846e+05,3.995846e+05
479,3.822283e+05,3.822283e+05
480,3.647361e+05,3.647361e+05
481,3.471142e+05,3.471142e+05
482,3.293689e+05,3.293689e+05
483,3.115065e+05,3.115065e+05
484,2.935333e+05,2.935333e+05
485,2.754557e+05,2.754557e+05
486,2.572801e+05,2.572801e+05
487,2.390131e+05,2.390131e+05
488,2.206611e+05,2.206611e+05
489,2.022307e+05,2.022307e+05
490,1.837283e+05,1.837283e+05
491,1.651606e+05,1.651606e+05
492,1.465341e+05,1.465341e+05
493,1.278556e+05,1.278556e+05
494,1.091316e+05,1.091316e+05
495,9.036879e+04,9.036879e+04
496,7.157385e+04,7.157385e+04
497,5.275346e+04,5.275346e+04
498,3.391431e+04,3.391431e+04
499,1.506311e+04,1.506311e+04
500,-3.793459e+03,-3.793459e+03
501,-2.264867e+04,-2.264867e+04
502,-4.149584e+04,-4.149584e+04
503,-6.032824e+04,-6.032824e+04
504,-7.913920e+04,-7.913920e+04
505,-9.792201e+04,-9.792202e+04
506,-1.166700e+05,-1.166700e+05
507,-1.353765e+05,-1.353765e+05
508,-1.540349e+05,-1.540349e+05
509,-1.726385e+05,-1.726385e+05
510,-1.911807e+05,-1.911807e+05
511,-2.096549e+05,-2.096549e+05
512,-2.280546e+05,-2.280546e+05
513,-2.463732e+05,-2.463732e+05
514,-2.646042e+05,-2.646042e+05
515,-2.827411e+05,-2.827411e+05
516,-3.007775e+05,-3.007775e+05
517,-3.187069e+05,-3.187069e+05
518,-3.365229e+05,-3.365229e+05
519,-3.542194e+05,-3.542194e+05
520,-3.717898e+05,-3.717898e+05
521,-3.892281e+05,-3.892281e+05
522,-4.065280e+05,-4.065280e+05
523,-4.236833e+05,-4.236833e+05
524,-4.406879e+05,-4.406879e+05
525,-4.575359e+05,-4.575359e+05
526,-4.742212e+05,-4.742212e+05
527,-4.907378e+05,-4.907378e+05
528,-5.070799e+05,-5.070799e+05
529,-5.232418e+05,-5.232418e+05
530,-5.392176e+05,-5.392176e+05
531,-5.550016e+05,-5.550016e+05
532,-5.705883e+05,-5.705883e+05
533,-5.859721e+05,-5.859721e+05
534,-6.011476e+05,-6.011476e+05
535,-6.161092e+05,-6.161093e+05
536,-6.308519e+05,-6.308519e+05
537,-6.453701e+05,-6.453701e+05
538,-6.596590e+05,-6.596589e+05
539,-6.737132e+05,-6.737132e+05
540,-6.875279e+05,-6.875279e+05
541,-7.010981e+05,-7.010981e+05
542,-7.144190e+05,-7.144191e+05
543,-7.274859e+05,-7.274859e+05
544,-7.402941e+05,-7.402941e+05
545,-7.528391e+05,-7.528391e+05
546,-7.651164e+05,-7.651164e+05
547,-7.771216e+05,-7.771216e+05
548,-7.888505e+05,-7.888504e+05
549,-8.002989e+05,-8.002989e+05
550,-8.114627e+05,-8.114627e+05
551,-8.223379e+05,-8.223379e+05
552,-8.329208e+05,-8.329208e+05
553,-8.432075e+05,-8.432075e+05
554,-8.531944e+05,-8.531944e+05
555,-8.628778e+05,-8.628778e+05
556,-8.722545e+05,-8.722545e+05
557,-8.813210e+05,-8.813210e+05
558,-8.900741e+05,-8.900741e+05
559,-8.985107e+05,-8.985108e+05
560,-9.066279e+05,-9.066279e+05
561,-9.144226e+05,-9.144226e+05
562,-9.218922e+05,-9.218923e+05
563,-9.290340e+05,-9.290341e+05
564,-9.358455e+05,-9.358455e+05
565,-9.423242e+05,-9.423242e+05
566,-9.484678e+05,-9.484678e+05
567,-9.542741e+05,-9.542741e+05
568,-9.597411e+05,-9.597411e+05
569,-9.648669e+05,-9.648669e+05
570,-9.696496e+05,-9.696496e+05
571,-9.740875e+05,-9.740874e+05
572,-9.781790e+05,-9.781790e+05
573,-9.819227e+05,-9.819227e+05
574,-9.853172e+05,-9.853172e+05
575,-9.883614e+05,-9.883614e+05
576,-9.910541e+05,-9.910541e+05
577,-9.933945e+05,-9.933944e+05
578,-9.953816e+05,-9.953816e+05
579,-9.970147e+05,-9.970148e+05
580,-9.982934e+05,-9.982934e+05
581,-9.992170e+05,-9.992171e+05
582,-9.997854e+05,-9.997854e+05
583,-9.999983e+05,-9.999983e+05
584,-9.998556e+05,-9.998556e+05
585,-9.993573e+05,-9.993573e+05
586,-9.985037e+05,-9.985037e+05
587,-9.972951e+05,-9.972951e+05
588,-9.957318e+05,-9.957318e+05
589,-9.938145e+05,-9.938144e+05
590,-9.915437e+05,-9.915438e+05
591,-9.889204e+05,-9.889204e+05
592,-9.859455e+05,-9.859455e+05
593,-9.826200e+05,-9.826200e+05
594,-9.789451e+05,-9.789451e+05
595,-9.749221e+05,-9.749221e+05
596,-9.705524e+05,-9.705524e+05
597,-9.658376e+05,-9.658376e+05
598,-9.607794e+05,-9.607794e+05
599,-9.553795e+05,-9.553796e+05
600,-9.496400e+05,-9.496400e+05
601,-9.435627e+05,-9.435628e+05
602,-9.371500e+05,-9.371500e+05
603,-9.304040e+05,-9.304040e+05
604,-9.233272e+05,-9.233272e+05
605,-9.159220e+05,-9.159220e+05
606,-9.081912e+05,-9.081912e+05
607,-9.001374e+05,-9.001374e+05
608,-8.917636e+05,-8.917636e+05
609,-8.830727e+05,-8.830727e+05
610,-8.740677e+05,-8.740678e+05
611,-8.647520e+05,-8.647520e+05
612,-8.551288e+05,-8.551288e+05
613,-8.452015e+05,-8.452015e+05
614,-8.349737e+05,-8.349736e+05
615,-8.244489e+05,-8.244489e+05
616,-8.136310e+05,-8.136310e+05
617,-8.025238e+05,-8.025238e+05
618,-7.911313e+05,-7.911313e+05
619,-7.794574e+05,-7.794574e+05
620,-7.675064e+05,-7.675064e+05
621,-7.552824e+05,-7.552824e+05
622,-7.427899e+05,-7.427899e+05
623,-7.300333e+05,-7.300333e+05
624,-7.170170e+05,-7.170171e+05
625,-7.037459e+05,-7.037459e+05
626,-6.902244e+05,-6.902244e+05
627,-6.764576e+05,-6.764576e+05
628,-6.624502e+05,-6.624502e+05
629,-6.482073e+05,-6.482073e+05
630,-6.337338e+05,-6.337339e+05
631,-6.190351e+05,-6.190351e+05
632,-6.041162e+05,-6.041162e+05
633,-5.889825e+05,-5.889825e+05
634,-5.736393e+05,-5.736394e+05
635,-5.580922e+05,-5.580923e+05
636,-5.423467e+05,-5.423467e+05
637,-5.264083e+05,-5.264083e+05
638,-5.102827e+05,-5.102827e+05
639,-4.939757e+05,-4.939757e+05
640,-4.774930e+05,-4.774930e+05
641,-4.608405e+05,-4.608405e+05
642,-4.440242e+05,-4.440242e+05
643,-4.270500e+05,-4.270500e+05
644,-4.099239e+05,-4.099239e+05
645,-3.926521e+05,-3.926521e+05
646,-3.752406e+05,-3.752406e+05
647,-3.576957e+05,-3.576957e+05
648,-3.400236e+05,-3.400237e+05
649,-3.222307e+05,-3.222307e+05
650,-3.043231e+05,-3.043231e+05
651,-2.863073e+05,-2.863073e+05
652,-2.681898e+05,-2.681898e+05
653,-2.499768e+05,-2.499768e+05
654,-2.316750e+05,-2.316750e+05
655,-2.132908e+05,-2.132908e+05
656,-1.948308e+05,-1.948308e+05
657,-1.763014e+05,-1.763014e+05
658,-1.577094e+05,-1.577094e+05
659,-1.390613e+05,-1.390613e+05
660,-1.203638e+05,-1.203638e+05
661,-1.016235e+05,-1.016235e+05
662,-8.284698e+04,-8.284698e+04
663,-6.404104e+04,-6.404104e+04
664,-4.521234e+04,-4.521234e+04
665,-2.636756e+04,-2.636756e+04
666,-7.513401e+03,-7.513401e+03
667,1.134343e+04,1.134343e+04
668,3.019622e+04,3.019622e+04
669,4.903828e+04,4.903828e+04
670,6.786290e+04,6.786291e+04
671,8.666339e+04,8.666339e+04
672,1.054331e+05,1.054331e+05
673,1.241653e+05,1.241653e+05
674,1.428533e+05,1.428533e+05
675,1.614905e+05,1.614905e+05
676,1.800703e+05,1.800703e+05
677,1.985861e+05,1.985861e+05
678,2.170313e+05,2.170313e+05
679,2.353993e+05,2.353993e+05
680,2.536836e+05,2.536836e+05
681,2.718777e+05,2.718777e+05
682,2.899751e+05,2.899751e+05
683,3.079694e+05,3.079694e+05
684,3.258542e+05,3.258542e+05
685,3.436231e+05,3.436231e+05
686,3.612699e+05,3.612699e+05
687,3.787882e+05,3.787882e+05
688,3.961718e+05,3.961718e+05
689,4.134145e+05,4.134145e+05
690,4.305102e+05,4.305102e+05
691,4.474528e+05,4.474528e+05
692,4.642364e+05,4.642364e+05
693,4.808548e+05,4.808548e+05
694,4.973023e+05,4.973023e+05
695,5.135729e+05,5.135729e+05
696,5.296610e+05,5.296610e+05
697,5.455607e+05,5.455607e+05
698,5.612664e+05,5.612664e+05
699,5.767725e+05,5.767725e+05
700,5.920735e+05,5.920735e+05
701,6.071640e+05,6.071640e+05
702,6.220386e+05,6.220386e+05
703,6.366920e+05,6.366921e+05
704,6.511191e+05,6.511191e+05
705,6.653146e+05,6.653146e+05
706,6.792735e+05,6.792735e+05
707,6.929909e+05,6.929909e+05
708,7.064619e+05,7.064619e+05
709,7.196816e+05,7.196816e+05
710,7.326455e+05,7.326455e+05
711,7.453489e+05,7.453489e+05
712,7.577872e+05,7.577872e+05
713,7.699560e+05,7.699561e+05
714,7.818511e+05,7.818511e+05
715,7.934682e+05,7.934682e+05
716,8.048031e+05,8.048031e+05
717,8.158519e+05,8.158519e+05
718,8.266105e+05,8.266105e+05
719,8.370752e+05,8.370753e+05
720,8.472423e+05,8.472423e+05
721,8.571081e+05,8.571081e+05
722,8.666692e+05,8.666692e+05
723,8.759220e+05,8.759221e+05
724,8.848635e+05,8.848634e+05
725,8.934902e+05,8.934903e+05
726,9.017993e+05,9.017993e+05
727,9.097877e+05,9.097877e+05
728,9.174526e+05,9.174526e+05
729,9.247912e+05,9.247913e+05
730,9.318011e+05,9.318011e+05
731,9.384796e+05,9.384796e+05
732,9.448243e+05,9.448243e+05
733,9.508332e+05,9.508332e+05
734,9.565039e+05,9.565039e+05
735,9.618345e+05,9.618345e+05
736,9.668231e+05,9.668231e+05
737,9.714679e+05,9.714679e+05
738,9.757673e+05,9.757673e+05
739,9.797197e+05,9.797198e+05
740,9.833238e+05,9.833238e+05
741,9.865782e+05,9.865782e+05
742,9.894818e+05,9.894818e+05
743,9.920335e+05,9.920335e+05
744,9.942325e+05,9.942325e+05
745,9.960780e+05,9.960780e+05
746,9.975693e+05,9.975693e+05
747,9.987058e+05,9.987058e+05
748,9.994873e+05,9.994873e+05
749,9.999133e+05,9.999133e+05
750,9.999838e+05,9.999838e+05
751,9.996987e+05,9.996988e+05
752,9.990582e+05,9.990582e+05
753,9.980624e+05,9.980624e+05
754,9.967117e+05,9.967117e+05
755,9.950066e+05,9.950066e+05
756,9.929477e+05,9.929477e+05
757,9.905357e+05,9.905357e+05
758,9.877715e+05,9.877715e+05
759,9.846560e+05,9.846561e+05
760,9.811905e+05,9.811905e+05
761,9.773760e+05,9.773760e+05
762,9.732140e+05,9.732140e+05
763,9.687060e+05,9.687060e+05
764,9.638535e+05,9.638535e+05
765,9.586583e+05,9.586583e+05
766,9.531221e+05,9.531221e+05
767,9.472471e+05,9.472471e+05
768,9.410353e+05,9.410353e+05
769,9.344888e+05,9.344888e+05
770,9.276101e+05,9.276101e+05
771,9.204015e+05,9.204015e+05
772,9.128656e+05,9.128656e+05
773,9.050052e+05,9.050051e+05
774,8.968229e+05,8.968229e+05
775,8.883217e+05,8.883218e+05
776,8.795047e+05,8.795047e+05
777,8.703749e+05,8.703749e+05
778,8.609357e+05,8.609357e+05
779,8.511903e+05,8.511903e+05
780,8.411422e+05,8.411423e+05
781,8.307951e+05,8.307951e+05
782,8.201525e+05,8.201525e+05
783,8.092183e+05,8.092183e+05
784,7.979964e+05,7.979964e+05
785,7.864907e+05,7.864907e+05
786,7.747054e+05,7.747054e+05
787,7.626445e+05,7.626445e+05
788,7.503125e+05,7.503125e+05
789,7.377137e+05,7.377138e+05
790,7.248526e+05,7.248526e+05
791,7.117337e+05,7.117338e+05
792,6.983618e+05,6.983618e+05
793,6.847415e+05,6.847415e+05
794,6.708778e+05,6.708778e+05
795,6.567755e+05,6.567755e+05
796,6.424396e+05,6.424396e+05
797,6.278754e+05,6.278754e+05
798,6.130878e+05,6.130878e+05
799,5.980823e+05,5.980823e+05
800,5.828641e+05,5.828641e+05
801,5.674386e+05,5.674386e+05
802,5.518114e+05,5.518114e+05
803,5.359879e+05,5.359879e+05
804,5.199739e+05,5.199739e+05
805,5.037750e+05,5.037750e+05
806,4.873969e+05,4.873969e+05
807,4.708456e+05,4.708456e+05
808,4.541268e+05,4.541268e+05
809,4.372465e+05,4.372465e+05
810,4.202107e+05,4.202108e+05
811,4.030256e+05,4.030256e+05
812,3.856971e+05,3.856971e+05
813,3.682315e+05,3.682315e+05
814,3.506349e+05,3.506349e+05
815,3.329137e+05,3.329137e+05
816,3.150741e+05,3.150741e+05
817,2.971224e+05,2.971224e+05
818,2.790651e+05,2.790651e+05
819,2.609086e+05,2.609086e+05
820,2.426593e+05,2.426593e+05
821,2.243237e+05,2.243237e+05
822,2.059083e+05,2.059083e+05
823,1.874198e+05,1.874198e+05
824,1.688645e+05,1.688645e+05
825,1.502493e+05,1.502493e+05
826,1.315806e+05,1.315806e+05
827,1.128651e+05,1.128651e+05
828,9.410951e+04,9.410951e+04
829,7.532044e+04,7.532044e+04
830,5.650459e+04,5.650459e+04
831,3.766864e+04,3.766864e+04
832,1.881930e+04,1.881930e+04
833,-3.673205e+01,-3.673205e+01
834,-1.889275e+04,-1.889275e+04
835,-3.774205e+04,-3.774205e+04
836,-5.657793e+04,-5.657793e+04
837,-7.539369e+04,-7.539370e+04
838,-9.418265e+04,-9.418265e+04
839,-1.129381e+05,-1.129381e+05
840,-1.316534e+05,-1.316534e+05
841,-1.503219e+05,-1.503219e+05
842,-1.689370e+05,-1.689370e+05
843,-1.874919e+05,-1.874919e+05
844,-2.059802e+05,-2.059802e+05
845,-2.243953e+05,-2.243953e+05
846,-2.427305e+05,-2.427305e+05
847,-2.609795e+05,-2.609795e+05
848,-2.791357e+05,-2.791357e+05
849,-2.971926e+05,-2.971926e+05
850,-3.151438e+05,-3.151438e+05
851,-3.329830e+05,-3.329830e+05
852,-3.507037e+05,-3.507037e+05
853,-3.682998e+05,-3.682998e+05
854,-3.857649e+05,-3.857649e+05
855,-4.030928e+05,-4.030928e+05
856,-4.202774e+05,-4.202774e+05
857,-4.373126e+05,-4.373126e+05
858,-4.541922e+05,-4.541922e+05
859,-4.709104e+05,-4.709104e+05
860,-4.874611e+05,-4.874611e+05
861,-5.038384e+05,-5.038384e+05
862,-5.200367e+05,-5.200367e+05
863,-5.360500e+05,-5.360499e+05
864,-5.518727e+05,-5.518727e+05
865,-5.674991e+05,-5.674991e+05
866,-5.829238e+05,-5.829238e+05
867,-5.981412e+05,-5.981412e+05
868,-6.131459e+05,-6.131459e+05
869,-6.279325e+05,-6.279326e+05
870,-6.424959e+05,-6.424959e+05
871,-6.568309e+05,-6.568309e+05
872,-6.709323e+05,-6.709323e+05
873,-6.847951e+05,-6.847951e+05
874,-6.984144e+05,-6.984144e+05
875,-7.117853e+05,-7.117853e+05
876,-7.249032e+05,-7.249032e+05
877,-7.377633e+05,-7.377633e+05
878,-7.503611e+05,-7.503611e+05
879,-7.626920e+05,-7.626921e+05
880,-7.747518e+05,-7.747518e+05
881,-7.865361e+05,-7.865361e+05
882,-7.980407e+05,-7.980407e+05
883,-8.092615e+05,-8.092615e+05
884,-8.201946e+05,-8.201946e+05
885,-8.308360e+05,-8.308360e+05
886,-8.411820e+05,-8.411819e+05
887,-8.512288e+05,-8.512289e+05
888,-8.609730e+05,-8.609731e+05
889,-8.704111e+05,-8.704111e+05
890,-8.795397e+05,-8.795397e+05
891,-8.883555e+05,-8.883554e+05
892,-8.968554e+05,-8.968554e+05
893,-9.050364e+05,-9.050364e+05
894,-9.128956e+05,-9.128956e+05
895,-9.204302e+05,-9.204302e+05
896,-9.276375e+05,-9.276375e+05
897,-9.345150e+05,-9.345149e+05
898,-9.410601e+05,-9.410601e+05
899,-9.472707e+05,-9.472707e+05
900,-9.531444e+05,-9.531444e+05
901,-9.586792e+05,-9.586792e+05
902,-9.638731e+05,-9.638731e+05
903,-9.687242e+05,-9.687242e+05
904,-9.732309e+05,-9.732309e+05
905,-9.773916e+05,-9.773916e+05
906,-9.812047e+05,-9.812046e+05
907,-9.846689e+05,-9.846689e+05
908,-9.877829e+05,-9.877829e+05
909,-9.905458e+05,-9.905458e+05
910,-9.929564e+05,-9.929564e+05
911,-9.950139e+05,-9.950139e+05
912,-9.967176e+05,-9.967176e+05
913,-9.980669e+05,-9.980669e+05
914,-9.990614e+05,-9.990614e+05
915,-9.997005e+05,-9.997005e+05
916,-9.999842e+05,-9.999843e+05
917,-9.999123e+05,-9.999124e+05
918,-9.994849e+05,-9.994849e+05
919,-9.987021e+05,-9.987021e+05
920,-9.975641e+05,-9.975641e+05
921,-9.960715e+05,-9.960715e+05
922,-9.942246e+05,-9.942246e+05
923,-9.920243e+05,-9.920243e+05
924,-9.894711e+05,-9.894711e+05
925,-9.865662e+05,-9.865662e+05
926,-9.833104e+05,-9.833104e+05
927,-9.797050e+05,-9.797050e+05
928,-9.757512e+05,-9.757513e+05
929,-9.714505e+05,-9.714505e+05
930,-9.668043e+05,-9.668044e+05
931,-9.618144e+05,-9.618144e+05
932,-9.564825e+05,-9.564824e+05
933,-9.508104e+05,-9.508104e+05
934,-9.448003e+05,-9.448003e+05
935,-9.384542e+05,-9.384542e+05
936,-9.317744e+05,-9.317744e+05
937,-9.247633e+05,-9.247633e+05
938,-9.174233e+05,-9.174233e+05
939,-9.097572e+05,-9.097572e+05
940,-9.017675e+05,-9.017675e+05
941,-8.934572e+05,-8.934573e+05
942,-8.848292e+05,-8.848293e+05
943,-8.758866e+05,-8.758866e+05
944,-8.666325e+05,-8.666325e+05
945,-8.570703e+05,-8.570703e+05
946,-8.472033e+05,-8.472033e+05
947,-8.370350e+05,-8.370351e+05
948,-8.265692e+05,-8.265692e+05
949,-8.158094e+05,-8.158094e+05
950,-8.047595e+05,-8.047595e+05
951,-7.934235e+05,-7.934234e+05
952,-7.818053e+05,-7.818053e+05
953,-7.699092e+05,-7.699091e+05
954,-7.577392e+05,-7.577393e+05
955,-7.452999e+05,-7.452999e+05
956,-7.325955e+05,-7.325955e+05
957,-7.196306e+05,-7.196306e+05
958,-7.064099e+05,-7.064099e+05
959,-6.929379e+05,-6.929379e+05
960,-6.792196e+05,-6.792196e+05
961,-6.652597e+05,-6.652598e+05
962,-6.510633e+05,-6.510633e+05
963,-6.366354e+05,-6.366354e+05
964,-6.219811e+05,-6.219811e+05
965,-6.071056e+05,-6.071056e+05
966,-5.920143e+05,-5.920143e+05
967,-5.767125e+05,-5.767124e+05
968,-5.612056e+05,-5.612056e+05
969,-5.454991e+05,-5.454991e+05
970,-5.295987e+05,-5.295986e+05
971,-5.135099e+05,-5.135099e+05
972,-4.972386e+05,-4.972386e+05
973,-4.807904e+05,-4.807904e+05
974,-4.641713e+05,-4.641713e+05
975,-4.473871e+05,-4.473871e+05
976,-4.304439e+05,-4.304439e+05
977,-4.133476e+05,-4.133476e+05
978,-3.961043e+05,-3.961043e+05
979,-3.787202e+05,-3.787202e+05
980,-3.612014e+05,-3.612014e+05
981,-3.435541e+05,-3.435541e+05
982,-3.257847e+05,-3.257848e+05
983,-3.078995e+05,-3.078995e+05
984,-2.899048e+05,-2.899048e+05
985,-2.718070e+05,-2.718070e+05
986,-2.536125e+05,-2.536125e+05
987,-2.353279e+05,-2.353279e+05
988,-2.169596e+05,-2.169596e+05
989,-1.985141e+05,-1.985141e+05
990,-1.799981e+05,-1.799981e+05
991,-1.614180e+05,-1.614180e+05
992,-1.427806e+05,-1.427806e+05
993,-1.240924e+05,-1.240924e+05
994,-1.053600e+05,-1.053600e+05
995,-8.659021e+04,-8.659020e+04
996,-6.778961e+04,-6.778961e+04
997,-4.896491e+04,-4.896491e+04
998,-3.012279e+04,-3.012279e+04
999,-1.126997e+04,-1.126997e+04
